Component	CO2 	 CH4	N2O	CFC-11	CFC-12	CFC-113	CFC-114	CFC-115	CH3Br	CCl4	CH3CCl3	HCFC-22	HCFC-141b	HCFC-123	HCFC-142b	H-1211	H-1301	H-2402	HFC125	HFC134a	HFC143a	HFC227ea	HFC23	HFC245fa	HFC32	HFC4310mee	C2F6	C6F14	CF4	SF6	H-1202	C3F8	C4F10	C5F12	C7F16	C8F18	cC4F8	SO2F2	HFC236fa	HFC152a	HFC365mfc	CH2Cl2	CHCl3	CH3Cl	NF3 
Unit 	 ppm	ppb	ppb	ppt	ppt	ppt	ppt	ppt	ppt	ppt	ppt	ppt	ppt	ppt	ppt	ppt	ppt	ppt	ppt	ppt	ppt	ppt	ppt	ppt	ppt	ppt	ppt	ppt	ppt	ppt	ppt	ppt	ppt	ppt	ppt	ppt	ppt	ppt	ppt	ppt	ppt	ppt	ppt	ppt	ppt
Description 	 fossil_fuel 	 landuse 	 total	 total	 total	 total	 total	 total	 total	 total	 total	 total	 total	 total	 total	 total	 total	 total	 total	 total	 total	 total	 total	 total	 total	 total	 total	 total	 total	 total	 total	 total	 total	 total	 total	 total	 total	 total	 total	 total	 total	 total	 total	 total	 total
Reference	igcc_historical	igcc_historical	igcc_historical	igcc_historical	igcc_historical	igcc_historical	igcc_historical	igcc_historical	igcc_historical	igcc_historical	igcc_historical	igcc_historical	igcc_historical	No data	igcc_historical	No data	No data	No data	No data	No data	No data	No data	No data	No data	No data	No data	igcc_historical	No data	igcc_historical	igcc_historical	No data	igcc_historical	No data	No data	igcc_historical	igcc_historical	No data	igcc_historical	No data	No data	No data	igcc_historical	igcc_historical	igcc_historical	igcc_historical
1750	278.377857	729.200000	270.100000	0.000000	0.000000	0.000000	0.000000	0.000000	5.299998	0.025000	0.000000	0.000000	0.000000	0.0	0.000000	0.0	0.0	0.0	0.0	0.0	0.0	0.0	0.0	0.0	0.0	0.0	0.000001	0.0	34.050000	0.000000	0.0	0.000000	0.0	0.0	0.000000	0.000000	0.0	0.000021	0.0	0.0	0.0	6.910000	4.800000	457.000000	0.000000
1751	278.449914	729.984000	270.120000	0.000000	0.000000	0.000000	0.000000	0.000000	5.299998	0.025000	0.000000	0.000000	0.000000	0.0	0.000000	0.0	0.0	0.0	0.0	0.0	0.0	0.0	0.0	0.0	0.0	0.0	0.000001	0.0	34.050000	0.000000	0.0	0.000000	0.0	0.0	0.000000	0.000000	0.0	0.000021	0.0	0.0	0.0	6.910028	4.800000	457.000000	0.000000
1752	278.521971	730.768000	270.140000	0.000000	0.000000	0.000000	0.000000	0.000000	5.299998	0.025000	0.000000	0.000000	0.000000	0.0	0.000000	0.0	0.0	0.0	0.0	0.0	0.0	0.0	0.0	0.0	0.0	0.0	0.000001	0.0	34.050000	0.000000	0.0	0.000000	0.0	0.0	0.000000	0.000000	0.0	0.000021	0.0	0.0	0.0	6.910055	4.800000	457.000000	0.000000
1753	278.594028	731.552000	270.160000	0.000000	0.000000	0.000000	0.000000	0.000000	5.299998	0.025000	0.000000	0.000000	0.000000	0.0	0.000000	0.0	0.0	0.0	0.0	0.0	0.0	0.0	0.0	0.0	0.0	0.0	0.000001	0.0	34.050000	0.000000	0.0	0.000000	0.0	0.0	0.000000	0.000000	0.0	0.000021	0.0	0.0	0.0	6.910083	4.800000	457.000000	0.000000
1754	278.666085	732.336000	270.180000	0.000000	0.000000	0.000000	0.000000	0.000000	5.299998	0.025000	0.000000	0.000000	0.000000	0.0	0.000000	0.0	0.0	0.0	0.0	0.0	0.0	0.0	0.0	0.0	0.0	0.0	0.000001	0.0	34.050000	0.000000	0.0	0.000000	0.0	0.0	0.000000	0.000000	0.0	0.000021	0.0	0.0	0.0	6.910110	4.800000	457.000000	0.000000
1755	278.738141	733.120000	270.200000	0.000000	0.000000	0.000000	0.000000	0.000000	5.299998	0.025000	0.000000	0.000000	0.000000	0.0	0.000000	0.0	0.0	0.0	0.0	0.0	0.0	0.0	0.0	0.0	0.0	0.0	0.000001	0.0	34.050000	0.000000	0.0	0.000000	0.0	0.0	0.000000	0.000000	0.0	0.000021	0.0	0.0	0.0	6.910138	4.800000	457.000000	0.000000
1756	278.810198	733.904000	270.220000	0.000000	0.000000	0.000000	0.000000	0.000000	5.299998	0.025000	0.000000	0.000000	0.000000	0.0	0.000000	0.0	0.0	0.0	0.0	0.0	0.0	0.0	0.0	0.0	0.0	0.0	0.000001	0.0	34.050000	0.000000	0.0	0.000000	0.0	0.0	0.000000	0.000000	0.0	0.000021	0.0	0.0	0.0	6.910166	4.800000	457.000000	0.000000
1757	278.882255	734.688000	270.240000	0.000000	0.000000	0.000000	0.000000	0.000000	5.299998	0.025000	0.000000	0.000000	0.000000	0.0	0.000000	0.0	0.0	0.0	0.0	0.0	0.0	0.0	0.0	0.0	0.0	0.0	0.000001	0.0	34.050000	0.000000	0.0	0.000000	0.0	0.0	0.000000	0.000000	0.0	0.000021	0.0	0.0	0.0	6.910193	4.800000	457.000000	0.000000
1758	278.954312	735.472000	270.260000	0.000000	0.000000	0.000000	0.000000	0.000000	5.299998	0.025000	0.000000	0.000000	0.000000	0.0	0.000000	0.0	0.0	0.0	0.0	0.0	0.0	0.0	0.0	0.0	0.0	0.0	0.000001	0.0	34.050000	0.000000	0.0	0.000000	0.0	0.0	0.000000	0.000000	0.0	0.000021	0.0	0.0	0.0	6.910221	4.800000	457.000000	0.000000
1759	279.026369	736.256000	270.280000	0.000000	0.000000	0.000000	0.000000	0.000000	5.299998	0.025000	0.000000	0.000000	0.000000	0.0	0.000000	0.0	0.0	0.0	0.0	0.0	0.0	0.0	0.0	0.0	0.0	0.0	0.000001	0.0	34.050000	0.000000	0.0	0.000000	0.0	0.0	0.000000	0.000000	0.0	0.000021	0.0	0.0	0.0	6.910249	4.800000	457.000000	0.000000
1760	279.098426	737.040000	270.300000	0.000000	0.000000	0.000000	0.000000	0.000000	5.299998	0.025000	0.000000	0.000000	0.000000	0.0	0.000000	0.0	0.0	0.0	0.0	0.0	0.0	0.0	0.0	0.0	0.0	0.0	0.000001	0.0	34.050000	0.000000	0.0	0.000000	0.0	0.0	0.000000	0.000000	0.0	0.000021	0.0	0.0	0.0	6.910276	4.800000	457.000000	0.000000
1761	279.170483	737.824000	270.320000	0.000000	0.000000	0.000000	0.000000	0.000000	5.299998	0.025000	0.000000	0.000000	0.000000	0.0	0.000000	0.0	0.0	0.0	0.0	0.0	0.0	0.0	0.0	0.0	0.0	0.0	0.000001	0.0	34.050000	0.000000	0.0	0.000000	0.0	0.0	0.000000	0.000000	0.0	0.000021	0.0	0.0	0.0	6.910304	4.800000	457.000000	0.000000
1762	279.242540	738.608000	270.340000	0.000000	0.000000	0.000000	0.000000	0.000000	5.299998	0.025000	0.000000	0.000000	0.000000	0.0	0.000000	0.0	0.0	0.0	0.0	0.0	0.0	0.0	0.0	0.0	0.0	0.0	0.000001	0.0	34.050000	0.000000	0.0	0.000000	0.0	0.0	0.000000	0.000000	0.0	0.000021	0.0	0.0	0.0	6.910331	4.800000	457.000000	0.000000
1763	279.314596	739.392000	270.360000	0.000000	0.000000	0.000000	0.000000	0.000000	5.299998	0.025000	0.000000	0.000000	0.000000	0.0	0.000000	0.0	0.0	0.0	0.0	0.0	0.0	0.0	0.0	0.0	0.0	0.0	0.000001	0.0	34.050000	0.000000	0.0	0.000000	0.0	0.0	0.000000	0.000000	0.0	0.000021	0.0	0.0	0.0	6.910359	4.800000	457.000000	0.000000
1764	279.386653	740.176000	270.380000	0.000000	0.000000	0.000000	0.000000	0.000000	5.299998	0.025000	0.000000	0.000000	0.000000	0.0	0.000000	0.0	0.0	0.0	0.0	0.0	0.0	0.0	0.0	0.0	0.0	0.0	0.000001	0.0	34.050000	0.000000	0.0	0.000000	0.0	0.0	0.000000	0.000000	0.0	0.000021	0.0	0.0	0.0	6.910387	4.800000	457.000000	0.000000
1765	279.458710	740.960000	270.400000	0.000000	0.000000	0.000000	0.000000	0.000000	5.299998	0.025000	0.000000	0.000000	0.000000	0.0	0.000000	0.0	0.0	0.0	0.0	0.0	0.0	0.0	0.0	0.0	0.0	0.0	0.000001	0.0	34.050000	0.000000	0.0	0.000000	0.0	0.0	0.000000	0.000000	0.0	0.000021	0.0	0.0	0.0	6.910414	4.800000	457.000000	0.000000
1766	279.530767	741.744000	270.420000	0.000000	0.000000	0.000000	0.000000	0.000000	5.299998	0.025000	0.000000	0.000000	0.000000	0.0	0.000000	0.0	0.0	0.0	0.0	0.0	0.0	0.0	0.0	0.0	0.0	0.0	0.000001	0.0	34.050000	0.000000	0.0	0.000000	0.0	0.0	0.000000	0.000000	0.0	0.000021	0.0	0.0	0.0	6.910442	4.800000	457.000000	0.000000
1767	279.602824	742.528000	270.440000	0.000000	0.000000	0.000000	0.000000	0.000000	5.299998	0.025000	0.000000	0.000000	0.000000	0.0	0.000000	0.0	0.0	0.0	0.0	0.0	0.0	0.0	0.0	0.0	0.0	0.0	0.000001	0.0	34.050000	0.000000	0.0	0.000000	0.0	0.0	0.000000	0.000000	0.0	0.000021	0.0	0.0	0.0	6.910469	4.800000	457.000000	0.000000
1768	279.674881	743.312000	270.460000	0.000000	0.000000	0.000000	0.000000	0.000000	5.299998	0.025000	0.000000	0.000000	0.000000	0.0	0.000000	0.0	0.0	0.0	0.0	0.0	0.0	0.0	0.0	0.0	0.0	0.0	0.000001	0.0	34.050000	0.000000	0.0	0.000000	0.0	0.0	0.000000	0.000000	0.0	0.000021	0.0	0.0	0.0	6.910497	4.800000	457.000000	0.000000
1769	279.746938	744.096000	270.480000	0.000000	0.000000	0.000000	0.000000	0.000000	5.299998	0.025000	0.000000	0.000000	0.000000	0.0	0.000000	0.0	0.0	0.0	0.0	0.0	0.0	0.0	0.0	0.0	0.0	0.0	0.000001	0.0	34.050000	0.000000	0.0	0.000000	0.0	0.0	0.000000	0.000000	0.0	0.000021	0.0	0.0	0.0	6.910525	4.800000	457.000000	0.000000
1770	279.818995	744.880000	270.500000	0.000000	0.000000	0.000000	0.000000	0.000000	5.299998	0.025000	0.000000	0.000000	0.000000	0.0	0.000000	0.0	0.0	0.0	0.0	0.0	0.0	0.0	0.0	0.0	0.0	0.0	0.000001	0.0	34.050000	0.000000	0.0	0.000000	0.0	0.0	0.000000	0.000000	0.0	0.000021	0.0	0.0	0.0	6.910552	4.800000	457.000000	0.000000
1771	279.891051	745.664000	270.520000	0.000000	0.000000	0.000000	0.000000	0.000000	5.299998	0.025000	0.000000	0.000000	0.000000	0.0	0.000000	0.0	0.0	0.0	0.0	0.0	0.0	0.0	0.0	0.0	0.0	0.0	0.000001	0.0	34.050000	0.000000	0.0	0.000000	0.0	0.0	0.000000	0.000000	0.0	0.000021	0.0	0.0	0.0	6.910580	4.800000	457.000000	0.000000
1772	279.963108	746.448000	270.540000	0.000000	0.000000	0.000000	0.000000	0.000000	5.299998	0.025000	0.000000	0.000000	0.000000	0.0	0.000000	0.0	0.0	0.0	0.0	0.0	0.0	0.0	0.0	0.0	0.0	0.0	0.000001	0.0	34.050000	0.000000	0.0	0.000000	0.0	0.0	0.000000	0.000000	0.0	0.000021	0.0	0.0	0.0	6.910607	4.800000	457.000000	0.000000
1773	280.035165	747.232000	270.560000	0.000000	0.000000	0.000000	0.000000	0.000000	5.299998	0.025000	0.000000	0.000000	0.000000	0.0	0.000000	0.0	0.0	0.0	0.0	0.0	0.0	0.0	0.0	0.0	0.0	0.0	0.000001	0.0	34.050000	0.000000	0.0	0.000000	0.0	0.0	0.000000	0.000000	0.0	0.000021	0.0	0.0	0.0	6.910635	4.800000	457.000000	0.000000
1774	280.107222	748.016000	270.580000	0.000000	0.000000	0.000000	0.000000	0.000000	5.299998	0.025000	0.000000	0.000000	0.000000	0.0	0.000000	0.0	0.0	0.0	0.0	0.0	0.0	0.0	0.0	0.0	0.0	0.0	0.000001	0.0	34.050000	0.000000	0.0	0.000000	0.0	0.0	0.000000	0.000000	0.0	0.000021	0.0	0.0	0.0	6.910663	4.800000	457.000000	0.000000
1775	280.179279	748.800000	270.600000	0.000000	0.000000	0.000000	0.000000	0.000000	5.299998	0.025000	0.000000	0.000000	0.000000	0.0	0.000000	0.0	0.0	0.0	0.0	0.0	0.0	0.0	0.0	0.0	0.0	0.0	0.000001	0.0	34.050000	0.000000	0.0	0.000000	0.0	0.0	0.000000	0.000000	0.0	0.000021	0.0	0.0	0.0	6.910690	4.800000	457.000000	0.000000
1776	280.251336	749.584000	270.620000	0.000000	0.000000	0.000000	0.000000	0.000000	5.299998	0.025000	0.000000	0.000000	0.000000	0.0	0.000000	0.0	0.0	0.0	0.0	0.0	0.0	0.0	0.0	0.0	0.0	0.0	0.000001	0.0	34.050000	0.000000	0.0	0.000000	0.0	0.0	0.000000	0.000000	0.0	0.000021	0.0	0.0	0.0	6.910718	4.800000	457.000000	0.000000
1777	280.323393	750.368000	270.640000	0.000000	0.000000	0.000000	0.000000	0.000000	5.299998	0.025000	0.000000	0.000000	0.000000	0.0	0.000000	0.0	0.0	0.0	0.0	0.0	0.0	0.0	0.0	0.0	0.0	0.0	0.000001	0.0	34.050000	0.000000	0.0	0.000000	0.0	0.0	0.000000	0.000000	0.0	0.000021	0.0	0.0	0.0	6.910746	4.800000	457.000000	0.000000
1778	280.395450	751.152000	270.660000	0.000000	0.000000	0.000000	0.000000	0.000000	5.299998	0.025000	0.000000	0.000000	0.000000	0.0	0.000000	0.0	0.0	0.0	0.0	0.0	0.0	0.0	0.0	0.0	0.0	0.0	0.000001	0.0	34.050000	0.000000	0.0	0.000000	0.0	0.0	0.000000	0.000000	0.0	0.000021	0.0	0.0	0.0	6.910773	4.800000	457.000000	0.000000
1779	280.467507	751.936000	270.680000	0.000000	0.000000	0.000000	0.000000	0.000000	5.299998	0.025000	0.000000	0.000000	0.000000	0.0	0.000000	0.0	0.0	0.0	0.0	0.0	0.0	0.0	0.0	0.0	0.0	0.0	0.000001	0.0	34.050000	0.000000	0.0	0.000000	0.0	0.0	0.000000	0.000000	0.0	0.000021	0.0	0.0	0.0	6.910801	4.800000	457.000000	0.000000
1780	280.539563	752.720000	270.700000	0.000000	0.000000	0.000000	0.000000	0.000000	5.299998	0.025000	0.000000	0.000000	0.000000	0.0	0.000000	0.0	0.0	0.0	0.0	0.0	0.0	0.0	0.0	0.0	0.0	0.0	0.000001	0.0	34.050000	0.000000	0.0	0.000000	0.0	0.0	0.000000	0.000000	0.0	0.000021	0.0	0.0	0.0	6.910828	4.800000	457.000000	0.000000
1781	280.611620	753.504000	270.720000	0.000000	0.000000	0.000000	0.000000	0.000000	5.299998	0.025000	0.000000	0.000000	0.000000	0.0	0.000000	0.0	0.0	0.0	0.0	0.0	0.0	0.0	0.0	0.0	0.0	0.0	0.000001	0.0	34.050000	0.000000	0.0	0.000000	0.0	0.0	0.000000	0.000000	0.0	0.000021	0.0	0.0	0.0	6.910856	4.800000	457.000000	0.000000
1782	280.683677	754.288000	270.740000	0.000000	0.000000	0.000000	0.000000	0.000000	5.299998	0.025000	0.000000	0.000000	0.000000	0.0	0.000000	0.0	0.0	0.0	0.0	0.0	0.0	0.0	0.0	0.0	0.0	0.0	0.000001	0.0	34.050000	0.000000	0.0	0.000000	0.0	0.0	0.000000	0.000000	0.0	0.000021	0.0	0.0	0.0	6.910884	4.800000	457.000000	0.000000
1783	280.755734	755.072000	270.760000	0.000000	0.000000	0.000000	0.000000	0.000000	5.299998	0.025000	0.000000	0.000000	0.000000	0.0	0.000000	0.0	0.0	0.0	0.0	0.0	0.0	0.0	0.0	0.0	0.0	0.0	0.000001	0.0	34.050000	0.000000	0.0	0.000000	0.0	0.0	0.000000	0.000000	0.0	0.000021	0.0	0.0	0.0	6.910911	4.800000	457.000000	0.000000
1784	280.827791	755.856000	270.780000	0.000000	0.000000	0.000000	0.000000	0.000000	5.299998	0.025000	0.000000	0.000000	0.000000	0.0	0.000000	0.0	0.0	0.0	0.0	0.0	0.0	0.0	0.0	0.0	0.0	0.0	0.000001	0.0	34.050000	0.000000	0.0	0.000000	0.0	0.0	0.000000	0.000000	0.0	0.000021	0.0	0.0	0.0	6.910939	4.800000	457.000000	0.000000
1785	280.899848	756.640000	270.800000	0.000000	0.000000	0.000000	0.000000	0.000000	5.299998	0.025000	0.000000	0.000000	0.000000	0.0	0.000000	0.0	0.0	0.0	0.0	0.0	0.0	0.0	0.0	0.0	0.0	0.0	0.000001	0.0	34.050000	0.000000	0.0	0.000000	0.0	0.0	0.000000	0.000000	0.0	0.000021	0.0	0.0	0.0	6.910966	4.800000	457.000000	0.000000
1786	280.971905	757.424000	270.820000	0.000000	0.000000	0.000000	0.000000	0.000000	5.299998	0.025000	0.000000	0.000000	0.000000	0.0	0.000000	0.0	0.0	0.0	0.0	0.0	0.0	0.0	0.0	0.0	0.0	0.0	0.000001	0.0	34.050000	0.000000	0.0	0.000000	0.0	0.0	0.000000	0.000000	0.0	0.000021	0.0	0.0	0.0	6.910994	4.800000	457.000000	0.000000
1787	281.043962	758.208000	270.840000	0.000000	0.000000	0.000000	0.000000	0.000000	5.299998	0.025000	0.000000	0.000000	0.000000	0.0	0.000000	0.0	0.0	0.0	0.0	0.0	0.0	0.0	0.0	0.0	0.0	0.0	0.000001	0.0	34.050000	0.000000	0.0	0.000000	0.0	0.0	0.000000	0.000000	0.0	0.000021	0.0	0.0	0.0	6.911022	4.800000	457.000000	0.000000
1788	281.116018	758.992000	270.860000	0.000000	0.000000	0.000000	0.000000	0.000000	5.299998	0.025000	0.000000	0.000000	0.000000	0.0	0.000000	0.0	0.0	0.0	0.0	0.0	0.0	0.0	0.0	0.0	0.0	0.0	0.000001	0.0	34.050000	0.000000	0.0	0.000000	0.0	0.0	0.000000	0.000000	0.0	0.000021	0.0	0.0	0.0	6.911049	4.800000	457.000000	0.000000
1789	281.188075	759.776000	270.880000	0.000000	0.000000	0.000000	0.000000	0.000000	5.299998	0.025000	0.000000	0.000000	0.000000	0.0	0.000000	0.0	0.0	0.0	0.0	0.0	0.0	0.0	0.0	0.0	0.0	0.0	0.000001	0.0	34.050000	0.000000	0.0	0.000000	0.0	0.0	0.000000	0.000000	0.0	0.000021	0.0	0.0	0.0	6.911077	4.800000	457.000000	0.000000
1790	281.260132	760.560000	270.900000	0.000000	0.000000	0.000000	0.000000	0.000000	5.299998	0.025000	0.000000	0.000000	0.000000	0.0	0.000000	0.0	0.0	0.0	0.0	0.0	0.0	0.0	0.0	0.0	0.0	0.0	0.000001	0.0	34.050000	0.000000	0.0	0.000000	0.0	0.0	0.000000	0.000000	0.0	0.000021	0.0	0.0	0.0	6.911105	4.800000	457.000000	0.000000
1791	281.332189	761.344000	270.920000	0.000000	0.000000	0.000000	0.000000	0.000000	5.299998	0.025000	0.000000	0.000000	0.000000	0.0	0.000000	0.0	0.0	0.0	0.0	0.0	0.0	0.0	0.0	0.0	0.0	0.0	0.000001	0.0	34.050000	0.000000	0.0	0.000000	0.0	0.0	0.000000	0.000000	0.0	0.000021	0.0	0.0	0.0	6.911132	4.800000	457.000000	0.000000
1792	281.404246	762.128000	270.940000	0.000000	0.000000	0.000000	0.000000	0.000000	5.299998	0.025000	0.000000	0.000000	0.000000	0.0	0.000000	0.0	0.0	0.0	0.0	0.0	0.0	0.0	0.0	0.0	0.0	0.0	0.000001	0.0	34.050000	0.000000	0.0	0.000000	0.0	0.0	0.000000	0.000000	0.0	0.000021	0.0	0.0	0.0	6.911160	4.800000	457.000000	0.000000
1793	281.476303	762.912000	270.960000	0.000000	0.000000	0.000000	0.000000	0.000000	5.299998	0.025000	0.000000	0.000000	0.000000	0.0	0.000000	0.0	0.0	0.0	0.0	0.0	0.0	0.0	0.0	0.0	0.0	0.0	0.000001	0.0	34.050000	0.000000	0.0	0.000000	0.0	0.0	0.000000	0.000000	0.0	0.000021	0.0	0.0	0.0	6.911187	4.800000	457.000000	0.000000
1794	281.548360	763.696000	270.980000	0.000000	0.000000	0.000000	0.000000	0.000000	5.299998	0.025000	0.000000	0.000000	0.000000	0.0	0.000000	0.0	0.0	0.0	0.0	0.0	0.0	0.0	0.0	0.0	0.0	0.0	0.000001	0.0	34.050000	0.000000	0.0	0.000000	0.0	0.0	0.000000	0.000000	0.0	0.000021	0.0	0.0	0.0	6.911215	4.800000	457.000000	0.000000
1795	281.620417	764.480000	271.000000	0.000000	0.000000	0.000000	0.000000	0.000000	5.299998	0.025000	0.000000	0.000000	0.000000	0.0	0.000000	0.0	0.0	0.0	0.0	0.0	0.0	0.0	0.0	0.0	0.0	0.0	0.000001	0.0	34.050000	0.000000	0.0	0.000000	0.0	0.0	0.000000	0.000000	0.0	0.000021	0.0	0.0	0.0	6.911243	4.800000	457.000000	0.000000
1796	281.692473	765.264000	271.020000	0.000000	0.000000	0.000000	0.000000	0.000000	5.299998	0.025000	0.000000	0.000000	0.000000	0.0	0.000000	0.0	0.0	0.0	0.0	0.0	0.0	0.0	0.0	0.0	0.0	0.0	0.000001	0.0	34.050000	0.000000	0.0	0.000000	0.0	0.0	0.000000	0.000000	0.0	0.000021	0.0	0.0	0.0	6.911270	4.800000	457.000000	0.000000
1797	281.764530	766.048000	271.040000	0.000000	0.000000	0.000000	0.000000	0.000000	5.299998	0.025000	0.000000	0.000000	0.000000	0.0	0.000000	0.0	0.0	0.0	0.0	0.0	0.0	0.0	0.0	0.0	0.0	0.0	0.000001	0.0	34.050000	0.000000	0.0	0.000000	0.0	0.0	0.000000	0.000000	0.0	0.000021	0.0	0.0	0.0	6.911298	4.800000	457.000000	0.000000
1798	281.836587	766.832000	271.060000	0.000000	0.000000	0.000000	0.000000	0.000000	5.299998	0.025000	0.000000	0.000000	0.000000	0.0	0.000000	0.0	0.0	0.0	0.0	0.0	0.0	0.0	0.0	0.0	0.0	0.0	0.000001	0.0	34.050000	0.000000	0.0	0.000000	0.0	0.0	0.000000	0.000000	0.0	0.000021	0.0	0.0	0.0	6.911325	4.800000	457.000000	0.000000
1799	281.908644	767.616000	271.080000	0.000000	0.000000	0.000000	0.000000	0.000000	5.299998	0.025000	0.000000	0.000000	0.000000	0.0	0.000000	0.0	0.0	0.0	0.0	0.0	0.0	0.0	0.0	0.0	0.0	0.0	0.000001	0.0	34.050000	0.000000	0.0	0.000000	0.0	0.0	0.000000	0.000000	0.0	0.000021	0.0	0.0	0.0	6.911353	4.800000	457.000000	0.000000
1800	281.980701	768.400000	271.100000	0.000000	0.000000	0.000000	0.000000	0.000000	5.299998	0.025000	0.000000	0.000000	0.000000	0.0	0.000000	0.0	0.0	0.0	0.0	0.0	0.0	0.0	0.0	0.0	0.0	0.0	0.000001	0.0	34.050000	0.000000	0.0	0.000000	0.0	0.0	0.000000	0.000000	0.0	0.000021	0.0	0.0	0.0	6.911381	4.800000	457.000000	0.000000
1801	282.052758	769.184000	271.120000	0.000000	0.000000	0.000000	0.000000	0.000000	5.299998	0.025000	0.000000	0.000000	0.000000	0.0	0.000000	0.0	0.0	0.0	0.0	0.0	0.0	0.0	0.0	0.0	0.0	0.0	0.000001	0.0	34.050000	0.000000	0.0	0.000000	0.0	0.0	0.000000	0.000000	0.0	0.000021	0.0	0.0	0.0	6.911408	4.800000	457.000000	0.000000
1802	282.124815	769.968000	271.140000	0.000000	0.000000	0.000000	0.000000	0.000000	5.299998	0.025000	0.000000	0.000000	0.000000	0.0	0.000000	0.0	0.0	0.0	0.0	0.0	0.0	0.0	0.0	0.0	0.0	0.0	0.000001	0.0	34.050000	0.000000	0.0	0.000000	0.0	0.0	0.000000	0.000000	0.0	0.000021	0.0	0.0	0.0	6.911436	4.800000	457.000000	0.000000
1803	282.196872	770.752000	271.160000	0.000000	0.000000	0.000000	0.000000	0.000000	5.299998	0.025000	0.000000	0.000000	0.000000	0.0	0.000000	0.0	0.0	0.0	0.0	0.0	0.0	0.0	0.0	0.0	0.0	0.0	0.000001	0.0	34.050000	0.000000	0.0	0.000000	0.0	0.0	0.000000	0.000000	0.0	0.000021	0.0	0.0	0.0	6.911463	4.800000	457.000000	0.000000
1804	282.268929	771.536000	271.180000	0.000000	0.000000	0.000000	0.000000	0.000000	5.299998	0.025000	0.000000	0.000000	0.000000	0.0	0.000000	0.0	0.0	0.0	0.0	0.0	0.0	0.0	0.0	0.0	0.0	0.0	0.000001	0.0	34.050000	0.000000	0.0	0.000000	0.0	0.0	0.000000	0.000000	0.0	0.000021	0.0	0.0	0.0	6.911491	4.800000	457.000000	0.000000
1805	282.340985	772.320000	271.200000	0.000000	0.000000	0.000000	0.000000	0.000000	5.299998	0.025000	0.000000	0.000000	0.000000	0.0	0.000000	0.0	0.0	0.0	0.0	0.0	0.0	0.0	0.0	0.0	0.0	0.0	0.000001	0.0	34.050000	0.000000	0.0	0.000000	0.0	0.0	0.000000	0.000000	0.0	0.000021	0.0	0.0	0.0	6.911519	4.800000	457.000000	0.000000
1806	282.413042	773.104000	271.220000	0.000000	0.000000	0.000000	0.000000	0.000000	5.299998	0.025000	0.000000	0.000000	0.000000	0.0	0.000000	0.0	0.0	0.0	0.0	0.0	0.0	0.0	0.0	0.0	0.0	0.0	0.000001	0.0	34.050000	0.000000	0.0	0.000000	0.0	0.0	0.000000	0.000000	0.0	0.000021	0.0	0.0	0.0	6.911546	4.800000	457.000000	0.000000
1807	282.485099	773.888000	271.240000	0.000000	0.000000	0.000000	0.000000	0.000000	5.299998	0.025000	0.000000	0.000000	0.000000	0.0	0.000000	0.0	0.0	0.0	0.0	0.0	0.0	0.0	0.0	0.0	0.0	0.0	0.000001	0.0	34.050000	0.000000	0.0	0.000000	0.0	0.0	0.000000	0.000000	0.0	0.000021	0.0	0.0	0.0	6.911574	4.800000	457.000000	0.000000
1808	282.557156	774.672000	271.260000	0.000000	0.000000	0.000000	0.000000	0.000000	5.299998	0.025000	0.000000	0.000000	0.000000	0.0	0.000000	0.0	0.0	0.0	0.0	0.0	0.0	0.0	0.0	0.0	0.0	0.0	0.000001	0.0	34.050000	0.000000	0.0	0.000000	0.0	0.0	0.000000	0.000000	0.0	0.000021	0.0	0.0	0.0	6.911602	4.800000	457.000000	0.000000
1809	282.629213	775.456000	271.280000	0.000000	0.000000	0.000000	0.000000	0.000000	5.299998	0.025000	0.000000	0.000000	0.000000	0.0	0.000000	0.0	0.0	0.0	0.0	0.0	0.0	0.0	0.0	0.0	0.0	0.0	0.000001	0.0	34.050000	0.000000	0.0	0.000000	0.0	0.0	0.000000	0.000000	0.0	0.000021	0.0	0.0	0.0	6.911629	4.800000	457.000000	0.000000
1810	282.701270	776.240000	271.300000	0.000000	0.000000	0.000000	0.000000	0.000000	5.299998	0.025000	0.000000	0.000000	0.000000	0.0	0.000000	0.0	0.0	0.0	0.0	0.0	0.0	0.0	0.0	0.0	0.0	0.0	0.000001	0.0	34.050000	0.000000	0.0	0.000000	0.0	0.0	0.000000	0.000000	0.0	0.000021	0.0	0.0	0.0	6.911657	4.800000	457.000000	0.000000
1811	282.773327	777.024000	271.320000	0.000000	0.000000	0.000000	0.000000	0.000000	5.299998	0.025000	0.000000	0.000000	0.000000	0.0	0.000000	0.0	0.0	0.0	0.0	0.0	0.0	0.0	0.0	0.0	0.0	0.0	0.000001	0.0	34.050000	0.000000	0.0	0.000000	0.0	0.0	0.000000	0.000000	0.0	0.000021	0.0	0.0	0.0	6.911684	4.800000	457.000000	0.000000
1812	282.845384	777.808000	271.340000	0.000000	0.000000	0.000000	0.000000	0.000000	5.299998	0.025000	0.000000	0.000000	0.000000	0.0	0.000000	0.0	0.0	0.0	0.0	0.0	0.0	0.0	0.0	0.0	0.0	0.0	0.000001	0.0	34.050000	0.000000	0.0	0.000000	0.0	0.0	0.000000	0.000000	0.0	0.000021	0.0	0.0	0.0	6.911712	4.800000	457.000000	0.000000
1813	282.917440	778.592000	271.360000	0.000000	0.000000	0.000000	0.000000	0.000000	5.299998	0.025000	0.000000	0.000000	0.000000	0.0	0.000000	0.0	0.0	0.0	0.0	0.0	0.0	0.0	0.0	0.0	0.0	0.0	0.000001	0.0	34.050000	0.000000	0.0	0.000000	0.0	0.0	0.000000	0.000000	0.0	0.000021	0.0	0.0	0.0	6.911740	4.800000	457.000000	0.000000
1814	282.989497	779.376000	271.380000	0.000000	0.000000	0.000000	0.000000	0.000000	5.299998	0.025000	0.000000	0.000000	0.000000	0.0	0.000000	0.0	0.0	0.0	0.0	0.0	0.0	0.0	0.0	0.0	0.0	0.0	0.000001	0.0	34.050000	0.000000	0.0	0.000000	0.0	0.0	0.000000	0.000000	0.0	0.000021	0.0	0.0	0.0	6.911767	4.800000	457.000000	0.000000
1815	283.061554	780.160000	271.400000	0.000000	0.000000	0.000000	0.000000	0.000000	5.299998	0.025000	0.000000	0.000000	0.000000	0.0	0.000000	0.0	0.0	0.0	0.0	0.0	0.0	0.0	0.0	0.0	0.0	0.0	0.000001	0.0	34.050000	0.000000	0.0	0.000000	0.0	0.0	0.000000	0.000000	0.0	0.000021	0.0	0.0	0.0	6.911795	4.800000	457.000000	0.000000
1816	283.133611	780.944000	271.420000	0.000000	0.000000	0.000000	0.000000	0.000000	5.299998	0.025000	0.000000	0.000000	0.000000	0.0	0.000000	0.0	0.0	0.0	0.0	0.0	0.0	0.0	0.0	0.0	0.0	0.0	0.000001	0.0	34.050000	0.000000	0.0	0.000000	0.0	0.0	0.000000	0.000000	0.0	0.000021	0.0	0.0	0.0	6.911822	4.800000	457.000000	0.000000
1817	283.205668	781.728000	271.440000	0.000000	0.000000	0.000000	0.000000	0.000000	5.299998	0.025000	0.000000	0.000000	0.000000	0.0	0.000000	0.0	0.0	0.0	0.0	0.0	0.0	0.0	0.0	0.0	0.0	0.0	0.000001	0.0	34.050000	0.000000	0.0	0.000000	0.0	0.0	0.000000	0.000000	0.0	0.000021	0.0	0.0	0.0	6.911850	4.800000	457.000000	0.000000
1818	283.277725	782.512000	271.460000	0.000000	0.000000	0.000000	0.000000	0.000000	5.299998	0.025000	0.000000	0.000000	0.000000	0.0	0.000000	0.0	0.0	0.0	0.0	0.0	0.0	0.0	0.0	0.0	0.0	0.0	0.000001	0.0	34.050000	0.000000	0.0	0.000000	0.0	0.0	0.000000	0.000000	0.0	0.000021	0.0	0.0	0.0	6.911878	4.800000	457.000000	0.000000
1819	283.349782	783.296000	271.480000	0.000000	0.000000	0.000000	0.000000	0.000000	5.299998	0.025000	0.000000	0.000000	0.000000	0.0	0.000000	0.0	0.0	0.0	0.0	0.0	0.0	0.0	0.0	0.0	0.0	0.0	0.000001	0.0	34.050000	0.000000	0.0	0.000000	0.0	0.0	0.000000	0.000000	0.0	0.000021	0.0	0.0	0.0	6.911905	4.800000	457.000000	0.000000
1820	283.421839	784.080000	271.500000	0.000000	0.000000	0.000000	0.000000	0.000000	5.299998	0.025000	0.000000	0.000000	0.000000	0.0	0.000000	0.0	0.0	0.0	0.0	0.0	0.0	0.0	0.0	0.0	0.0	0.0	0.000001	0.0	34.050000	0.000000	0.0	0.000000	0.0	0.0	0.000000	0.000000	0.0	0.000021	0.0	0.0	0.0	6.911933	4.800000	457.000000	0.000000
1821	283.493895	784.864000	271.520000	0.000000	0.000000	0.000000	0.000000	0.000000	5.299998	0.025000	0.000000	0.000000	0.000000	0.0	0.000000	0.0	0.0	0.0	0.0	0.0	0.0	0.0	0.0	0.0	0.0	0.0	0.000001	0.0	34.050000	0.000000	0.0	0.000000	0.0	0.0	0.000000	0.000000	0.0	0.000021	0.0	0.0	0.0	6.911961	4.800000	457.000000	0.000000
1822	283.565952	785.648000	271.540000	0.000000	0.000000	0.000000	0.000000	0.000000	5.299998	0.025000	0.000000	0.000000	0.000000	0.0	0.000000	0.0	0.0	0.0	0.0	0.0	0.0	0.0	0.0	0.0	0.0	0.0	0.000001	0.0	34.050000	0.000000	0.0	0.000000	0.0	0.0	0.000000	0.000000	0.0	0.000021	0.0	0.0	0.0	6.911988	4.800000	457.000000	0.000000
1823	283.638009	786.432000	271.560000	0.000000	0.000000	0.000000	0.000000	0.000000	5.299998	0.025000	0.000000	0.000000	0.000000	0.0	0.000000	0.0	0.0	0.0	0.0	0.0	0.0	0.0	0.0	0.0	0.0	0.0	0.000001	0.0	34.050000	0.000000	0.0	0.000000	0.0	0.0	0.000000	0.000000	0.0	0.000021	0.0	0.0	0.0	6.912016	4.800000	457.000000	0.000000
1824	283.710066	787.216000	271.580000	0.000000	0.000000	0.000000	0.000000	0.000000	5.299998	0.025000	0.000000	0.000000	0.000000	0.0	0.000000	0.0	0.0	0.0	0.0	0.0	0.0	0.0	0.0	0.0	0.0	0.0	0.000001	0.0	34.050000	0.000000	0.0	0.000000	0.0	0.0	0.000000	0.000000	0.0	0.000021	0.0	0.0	0.0	6.912043	4.800000	457.000000	0.000000
1825	283.782123	788.000000	271.600000	0.000000	0.000000	0.000000	0.000000	0.000000	5.299998	0.025000	0.000000	0.000000	0.000000	0.0	0.000000	0.0	0.0	0.0	0.0	0.0	0.0	0.0	0.0	0.0	0.0	0.0	0.000001	0.0	34.050000	0.000000	0.0	0.000000	0.0	0.0	0.000000	0.000000	0.0	0.000021	0.0	0.0	0.0	6.912071	4.800000	457.000000	0.000000
1826	283.854180	788.784000	271.620000	0.000000	0.000000	0.000000	0.000000	0.000000	5.299998	0.025000	0.000000	0.000000	0.000000	0.0	0.000000	0.0	0.0	0.0	0.0	0.0	0.0	0.0	0.0	0.0	0.0	0.0	0.000001	0.0	34.050000	0.000000	0.0	0.000000	0.0	0.0	0.000000	0.000000	0.0	0.000021	0.0	0.0	0.0	6.912099	4.800000	457.000000	0.000000
1827	283.926237	789.568000	271.640000	0.000000	0.000000	0.000000	0.000000	0.000000	5.299998	0.025000	0.000000	0.000000	0.000000	0.0	0.000000	0.0	0.0	0.0	0.0	0.0	0.0	0.0	0.0	0.0	0.0	0.0	0.000001	0.0	34.050000	0.000000	0.0	0.000000	0.0	0.0	0.000000	0.000000	0.0	0.000021	0.0	0.0	0.0	6.912126	4.800000	457.000000	0.000000
1828	283.998294	790.352000	271.660000	0.000000	0.000000	0.000000	0.000000	0.000000	5.299998	0.025000	0.000000	0.000000	0.000000	0.0	0.000000	0.0	0.0	0.0	0.0	0.0	0.0	0.0	0.0	0.0	0.0	0.0	0.000001	0.0	34.050000	0.000000	0.0	0.000000	0.0	0.0	0.000000	0.000000	0.0	0.000021	0.0	0.0	0.0	6.912154	4.800000	457.000000	0.000000
1829	284.070351	791.136000	271.680000	0.000000	0.000000	0.000000	0.000000	0.000000	5.299998	0.025000	0.000000	0.000000	0.000000	0.0	0.000000	0.0	0.0	0.0	0.0	0.0	0.0	0.0	0.0	0.0	0.0	0.0	0.000001	0.0	34.050000	0.000000	0.0	0.000000	0.0	0.0	0.000000	0.000000	0.0	0.000021	0.0	0.0	0.0	6.912181	4.800000	457.000000	0.000000
1830	284.142407	791.920000	271.700000	0.000000	0.000000	0.000000	0.000000	0.000000	5.299998	0.025000	0.000000	0.000000	0.000000	0.0	0.000000	0.0	0.0	0.0	0.0	0.0	0.0	0.0	0.0	0.0	0.0	0.0	0.000001	0.0	34.050000	0.000000	0.0	0.000000	0.0	0.0	0.000000	0.000000	0.0	0.000021	0.0	0.0	0.0	6.912209	4.800000	457.000000	0.000000
1831	284.214464	792.704000	271.720000	0.000000	0.000000	0.000000	0.000000	0.000000	5.299998	0.025000	0.000000	0.000000	0.000000	0.0	0.000000	0.0	0.0	0.0	0.0	0.0	0.0	0.0	0.0	0.0	0.0	0.0	0.000001	0.0	34.050000	0.000000	0.0	0.000000	0.0	0.0	0.000000	0.000000	0.0	0.000021	0.0	0.0	0.0	6.912237	4.800000	457.000000	0.000000
1832	284.286521	793.488000	271.740000	0.000000	0.000000	0.000000	0.000000	0.000000	5.299998	0.025000	0.000000	0.000000	0.000000	0.0	0.000000	0.0	0.0	0.0	0.0	0.0	0.0	0.0	0.0	0.0	0.0	0.0	0.000001	0.0	34.050000	0.000000	0.0	0.000000	0.0	0.0	0.000000	0.000000	0.0	0.000021	0.0	0.0	0.0	6.912264	4.800000	457.000000	0.000000
1833	284.358578	794.272000	271.760000	0.000000	0.000000	0.000000	0.000000	0.000000	5.299998	0.025000	0.000000	0.000000	0.000000	0.0	0.000000	0.0	0.0	0.0	0.0	0.0	0.0	0.0	0.0	0.0	0.0	0.0	0.000001	0.0	34.050000	0.000000	0.0	0.000000	0.0	0.0	0.000000	0.000000	0.0	0.000021	0.0	0.0	0.0	6.912292	4.800000	457.000000	0.000000
1834	284.430635	795.056000	271.780000	0.000000	0.000000	0.000000	0.000000	0.000000	5.299998	0.025000	0.000000	0.000000	0.000000	0.0	0.000000	0.0	0.0	0.0	0.0	0.0	0.0	0.0	0.0	0.0	0.0	0.0	0.000001	0.0	34.050000	0.000000	0.0	0.000000	0.0	0.0	0.000000	0.000000	0.0	0.000021	0.0	0.0	0.0	6.912319	4.800000	457.000000	0.000000
1835	284.502692	795.840000	271.800000	0.000000	0.000000	0.000000	0.000000	0.000000	5.299998	0.025000	0.000000	0.000000	0.000000	0.0	0.000000	0.0	0.0	0.0	0.0	0.0	0.0	0.0	0.0	0.0	0.0	0.0	0.000001	0.0	34.050000	0.000000	0.0	0.000000	0.0	0.0	0.000000	0.000000	0.0	0.000021	0.0	0.0	0.0	6.912347	4.800000	457.000000	0.000000
1836	284.574749	796.624000	271.820000	0.000000	0.000000	0.000000	0.000000	0.000000	5.299998	0.025000	0.000000	0.000000	0.000000	0.0	0.000000	0.0	0.0	0.0	0.0	0.0	0.0	0.0	0.0	0.0	0.0	0.0	0.000001	0.0	34.050000	0.000000	0.0	0.000000	0.0	0.0	0.000000	0.000000	0.0	0.000021	0.0	0.0	0.0	6.912375	4.800000	457.000000	0.000000
1837	284.646806	797.408000	271.840000	0.000000	0.000000	0.000000	0.000000	0.000000	5.299998	0.025000	0.000000	0.000000	0.000000	0.0	0.000000	0.0	0.0	0.0	0.0	0.0	0.0	0.0	0.0	0.0	0.0	0.0	0.000001	0.0	34.050000	0.000000	0.0	0.000000	0.0	0.0	0.000000	0.000000	0.0	0.000021	0.0	0.0	0.0	6.912402	4.800000	457.000000	0.000000
1838	284.718862	798.192000	271.860000	0.000000	0.000000	0.000000	0.000000	0.000000	5.299998	0.025000	0.000000	0.000000	0.000000	0.0	0.000000	0.0	0.0	0.0	0.0	0.0	0.0	0.0	0.0	0.0	0.0	0.0	0.000001	0.0	34.050000	0.000000	0.0	0.000000	0.0	0.0	0.000000	0.000000	0.0	0.000021	0.0	0.0	0.0	6.912430	4.800000	457.000000	0.000000
1839	284.790919	798.976000	271.880000	0.000000	0.000000	0.000000	0.000000	0.000000	5.299998	0.025000	0.000000	0.000000	0.000000	0.0	0.000000	0.0	0.0	0.0	0.0	0.0	0.0	0.0	0.0	0.0	0.0	0.0	0.000001	0.0	34.050000	0.000000	0.0	0.000000	0.0	0.0	0.000000	0.000000	0.0	0.000021	0.0	0.0	0.0	6.912458	4.800000	457.000000	0.000000
1840	284.862976	799.760000	271.900000	0.000000	0.000000	0.000000	0.000000	0.000000	5.299998	0.025000	0.000000	0.000000	0.000000	0.0	0.000000	0.0	0.0	0.0	0.0	0.0	0.0	0.0	0.0	0.0	0.0	0.0	0.000001	0.0	34.050000	0.000000	0.0	0.000000	0.0	0.0	0.000000	0.000000	0.0	0.000021	0.0	0.0	0.0	6.912485	4.800000	457.000000	0.000000
1841	284.935033	800.544000	271.920000	0.000000	0.000000	0.000000	0.000000	0.000000	5.299998	0.025000	0.000000	0.000000	0.000000	0.0	0.000000	0.0	0.0	0.0	0.0	0.0	0.0	0.0	0.0	0.0	0.0	0.0	0.000001	0.0	34.050000	0.000000	0.0	0.000000	0.0	0.0	0.000000	0.000000	0.0	0.000021	0.0	0.0	0.0	6.912513	4.800000	457.000000	0.000000
1842	285.007090	801.328000	271.940000	0.000000	0.000000	0.000000	0.000000	0.000000	5.299998	0.025000	0.000000	0.000000	0.000000	0.0	0.000000	0.0	0.0	0.0	0.0	0.0	0.0	0.0	0.0	0.0	0.0	0.0	0.000001	0.0	34.050000	0.000000	0.0	0.000000	0.0	0.0	0.000000	0.000000	0.0	0.000021	0.0	0.0	0.0	6.912540	4.800000	457.000000	0.000000
1843	285.079147	802.112000	271.960000	0.000000	0.000000	0.000000	0.000000	0.000000	5.299998	0.025000	0.000000	0.000000	0.000000	0.0	0.000000	0.0	0.0	0.0	0.0	0.0	0.0	0.0	0.0	0.0	0.0	0.0	0.000001	0.0	34.050000	0.000000	0.0	0.000000	0.0	0.0	0.000000	0.000000	0.0	0.000021	0.0	0.0	0.0	6.912568	4.800000	457.000000	0.000000
1844	285.151204	802.896000	271.980000	0.000000	0.000000	0.000000	0.000000	0.000000	5.299998	0.025000	0.000000	0.000000	0.000000	0.0	0.000000	0.0	0.0	0.0	0.0	0.0	0.0	0.0	0.0	0.0	0.0	0.0	0.000001	0.0	34.050000	0.000000	0.0	0.000000	0.0	0.0	0.000000	0.000000	0.0	0.000021	0.0	0.0	0.0	6.912596	4.800000	457.000000	0.000000
1845	285.223261	803.680000	272.000000	0.000000	0.000000	0.000000	0.000000	0.000000	5.299998	0.025000	0.000000	0.000000	0.000000	0.0	0.000000	0.0	0.0	0.0	0.0	0.0	0.0	0.0	0.0	0.0	0.0	0.0	0.000001	0.0	34.050000	0.000000	0.0	0.000000	0.0	0.0	0.000000	0.000000	0.0	0.000021	0.0	0.0	0.0	6.912623	4.800000	457.000000	0.000000
1846	285.295317	804.464000	272.020000	0.000000	0.000000	0.000000	0.000000	0.000000	5.299998	0.025000	0.000000	0.000000	0.000000	0.0	0.000000	0.0	0.0	0.0	0.0	0.0	0.0	0.0	0.0	0.0	0.0	0.0	0.000001	0.0	34.050000	0.000000	0.0	0.000000	0.0	0.0	0.000000	0.000000	0.0	0.000021	0.0	0.0	0.0	6.912651	4.800000	457.000000	0.000000
1847	285.367374	805.248000	272.040000	0.000000	0.000000	0.000000	0.000000	0.000000	5.299998	0.025000	0.000000	0.000000	0.000000	0.0	0.000000	0.0	0.0	0.0	0.0	0.0	0.0	0.0	0.0	0.0	0.0	0.0	0.000001	0.0	34.050000	0.000000	0.0	0.000000	0.0	0.0	0.000000	0.000000	0.0	0.000021	0.0	0.0	0.0	6.912678	4.800000	457.000000	0.000000
1848	285.439431	806.032000	272.060000	0.000000	0.000000	0.000000	0.000000	0.000000	5.299998	0.025000	0.000000	0.000000	0.000000	0.0	0.000000	0.0	0.0	0.0	0.0	0.0	0.0	0.0	0.0	0.0	0.0	0.0	0.000001	0.0	34.050000	0.000000	0.0	0.000000	0.0	0.0	0.000000	0.000000	0.0	0.000021	0.0	0.0	0.0	6.912706	4.800000	457.000000	0.000000
1849	285.511488	806.816000	272.080000	0.000000	0.000000	0.000000	0.000000	0.000000	5.299998	0.025000	0.000000	0.000000	0.000000	0.0	0.000000	0.0	0.0	0.0	0.0	0.0	0.0	0.0	0.0	0.0	0.0	0.0	0.000001	0.0	34.050000	0.000000	0.0	0.000000	0.0	0.0	0.000000	0.000000	0.0	0.000021	0.0	0.0	0.0	6.912734	4.800000	457.000000	0.000000
1850	285.583545	807.600000	272.100000	0.000000	0.000000	0.000000	0.000000	0.000000	5.299998	0.025000	0.000000	0.000000	0.000000	0.0	0.000000	0.0	0.0	0.0	0.0	0.0	0.0	0.0	0.0	0.0	0.0	0.0	0.000001	0.0	34.050000	0.000000	0.0	0.000000	0.0	0.0	0.000000	0.000000	0.0	0.000021	0.0	0.0	0.0	6.912761	4.800000	457.000000	0.000000
1851	285.705553	807.768974	272.181132	0.000000	0.000000	0.000000	0.000000	0.000000	5.299998	0.025000	0.000000	0.000000	0.000000	0.0	0.000000	0.0	0.0	0.0	0.0	0.0	0.0	0.0	0.0	0.0	0.0	0.0	0.000010	0.0	34.050000	0.000000	0.0	0.000000	0.0	0.0	0.000000	0.000000	0.0	0.000021	0.0	0.0	0.0	6.912761	4.800000	457.000000	0.000000
1852	285.843588	808.522849	272.262214	0.000000	0.000000	0.000000	0.000000	0.000000	5.299998	0.025000	0.000000	0.000000	0.000000	0.0	0.000000	0.0	0.0	0.0	0.0	0.0	0.0	0.0	0.0	0.0	0.0	0.0	0.000021	0.0	34.050000	0.000000	0.0	0.000000	0.0	0.0	0.000000	0.000000	0.0	0.000022	0.0	0.0	0.0	6.912761	4.800000	457.000000	0.000000
1853	285.967605	809.768605	272.365269	0.000000	0.000000	0.000000	0.000000	0.000000	5.299998	0.025000	0.000000	0.000000	0.000000	0.0	0.000000	0.0	0.0	0.0	0.0	0.0	0.0	0.0	0.0	0.0	0.0	0.0	0.000031	0.0	34.050000	0.000000	0.0	0.000000	0.0	0.0	0.000000	0.000000	0.0	0.000022	0.0	0.0	0.0	6.912761	4.800000	457.000000	0.000000
1854	286.073632	811.101520	272.471345	0.000000	0.000000	0.000000	0.000000	0.000000	5.299998	0.025000	0.000000	0.000000	0.000000	0.0	0.000000	0.0	0.0	0.0	0.0	0.0	0.0	0.0	0.0	0.0	0.0	0.0	0.000041	0.0	34.050000	0.000000	0.0	0.000000	0.0	0.0	0.000000	0.000000	0.0	0.000022	0.0	0.0	0.0	6.912761	4.800000	457.000000	0.000000
1855	286.159625	812.706285	272.585447	0.000000	0.000000	0.000000	0.000000	0.000000	5.299998	0.025000	0.000000	0.000000	0.000000	0.0	0.000000	0.0	0.0	0.0	0.0	0.0	0.0	0.0	0.0	0.0	0.0	0.0	0.000052	0.0	34.050000	0.000000	0.0	0.000000	0.0	0.0	0.000000	0.000000	0.0	0.000022	0.0	0.0	0.0	6.912761	4.800000	457.000000	0.000000
1856	286.258628	814.175247	272.700495	0.000000	0.000000	0.000000	0.000000	0.000000	5.299998	0.025000	0.000000	0.000000	0.000000	0.0	0.000000	0.0	0.0	0.0	0.0	0.0	0.0	0.0	0.0	0.0	0.0	0.0	0.000063	0.0	34.050000	0.000000	0.0	0.000000	0.0	0.0	0.000000	0.000000	0.0	0.000023	0.0	0.0	0.0	6.912761	4.800000	457.000000	0.000000
1857	286.404665	815.836104	272.804587	0.000000	0.000000	0.000000	0.000000	0.000000	5.299998	0.025000	0.000000	0.000000	0.000000	0.0	0.000000	0.0	0.0	0.0	0.0	0.0	0.0	0.0	0.0	0.0	0.0	0.0	0.000073	0.0	34.050000	0.000000	0.0	0.000000	0.0	0.0	0.000000	0.000000	0.0	0.000023	0.0	0.0	0.0	6.912761	4.800000	457.000000	0.000000
1858	286.560689	817.743908	272.892658	0.000000	0.000000	0.000000	0.000000	0.000000	5.299998	0.025000	0.000000	0.000000	0.000000	0.0	0.000000	0.0	0.0	0.0	0.0	0.0	0.0	0.0	0.0	0.0	0.0	0.0	0.000084	0.0	34.050000	0.000000	0.0	0.000000	0.0	0.0	0.000000	0.000000	0.0	0.000023	0.0	0.0	0.0	6.912761	4.800000	457.000000	0.000000
1859	286.727769	819.789714	273.038742	0.000000	0.000000	0.000000	0.000000	0.000000	5.299998	0.025000	0.000000	0.000000	0.000000	0.0	0.000000	0.0	0.0	0.0	0.0	0.0	0.0	0.0	0.0	0.0	0.0	0.0	0.000095	0.0	34.050000	0.000000	0.0	0.000000	0.0	0.0	0.000000	0.000000	0.0	0.000023	0.0	0.0	0.0	6.912761	4.800000	457.000000	0.000000
1860	286.912839	821.710641	273.206830	0.000000	0.000000	0.000000	0.000000	0.000000	5.299998	0.025000	0.000000	0.000000	0.000000	0.0	0.000000	0.0	0.0	0.0	0.0	0.0	0.0	0.0	0.0	0.0	0.0	0.0	0.000105	0.0	34.050000	0.000000	0.0	0.000000	0.0	0.0	0.000000	0.000000	0.0	0.000023	0.0	0.0	0.0	6.912761	4.800000	457.000000	0.000000
1861	287.097908	823.802528	273.397897	0.000000	0.000000	0.000000	0.000000	0.000000	5.299998	0.025000	0.000000	0.000000	0.000000	0.0	0.000000	0.0	0.0	0.0	0.0	0.0	0.0	0.0	0.0	0.0	0.0	0.0	0.000116	0.0	34.050000	0.000000	0.0	0.000000	0.0	0.0	0.000000	0.000000	0.0	0.000024	0.0	0.0	0.0	6.912761	4.800000	457.000000	0.000000
1862	287.255948	826.437384	273.580969	0.000000	0.000000	0.000000	0.000000	0.000000	5.299998	0.025000	0.000000	0.000000	0.000000	0.0	0.000000	0.0	0.0	0.0	0.0	0.0	0.0	0.0	0.0	0.0	0.0	0.0	0.000127	0.0	34.050100	0.000000	0.0	0.000000	0.0	0.0	0.000000	0.000000	0.0	0.000024	0.0	0.0	0.0	6.912761	4.800000	457.000000	0.000000
1863	287.417989	829.579258	273.743045	0.000000	0.000000	0.000000	0.000000	0.000000	5.299998	0.025000	0.000000	0.000000	0.000000	0.0	0.000000	0.0	0.0	0.0	0.0	0.0	0.0	0.0	0.0	0.0	0.0	0.0	0.000139	0.0	34.050100	0.000000	0.0	0.000000	0.0	0.0	0.000000	0.000000	0.0	0.000024	0.0	0.0	0.0	6.912761	4.800000	457.000000	0.000000
1864	287.580030	833.022036	273.899139	0.000000	0.000000	0.000000	0.000000	0.000000	5.299998	0.025000	0.000000	0.000000	0.000000	0.0	0.000000	0.0	0.0	0.0	0.0	0.0	0.0	0.0	0.0	0.0	0.0	0.0	0.000150	0.0	34.050100	0.000000	0.0	0.000000	0.0	0.0	0.000000	0.000000	0.0	0.000024	0.0	0.0	0.0	6.912761	4.800000	457.000000	0.000000
1865	287.743110	836.316987	274.066189	0.000000	0.000000	0.000000	0.000000	0.000000	5.299998	0.025000	0.000000	0.000000	0.000000	0.0	0.000000	0.0	0.0	0.0	0.0	0.0	0.0	0.0	0.0	0.0	0.0	0.0	0.000161	0.0	34.050100	0.000000	0.0	0.000000	0.0	0.0	0.000000	0.000000	0.0	0.000025	0.0	0.0	0.0	6.912761	4.800000	457.000000	0.000000
1866	287.901150	839.789795	274.241265	0.000000	0.000000	0.000000	0.000000	0.000000	5.299998	0.025000	0.000000	0.000000	0.000000	0.0	0.000000	0.0	0.0	0.0	0.0	0.0	0.0	0.0	0.0	0.0	0.0	0.0	0.000173	0.0	34.050100	0.000000	0.0	0.000000	0.0	0.0	0.000000	0.000000	0.0	0.000025	0.0	0.0	0.0	6.912761	4.800000	457.000000	0.000000
1867	288.066184	843.427580	274.413351	0.000000	0.000000	0.000000	0.000000	0.000000	5.299998	0.025000	0.000000	0.000000	0.000000	0.0	0.000000	0.0	0.0	0.0	0.0	0.0	0.0	0.0	0.0	0.0	0.0	0.0	0.000184	0.0	34.050200	0.000000	0.0	0.000000	0.0	0.0	0.000000	0.000000	0.0	0.000025	0.0	0.0	0.0	6.912761	4.800000	457.000000	0.000000
1868	288.207243	846.686459	274.598437	0.000000	0.000000	0.000000	0.000000	0.000000	5.299998	0.025000	0.000000	0.000000	0.000000	0.0	0.000000	0.0	0.0	0.0	0.0	0.0	0.0	0.0	0.0	0.0	0.0	0.0	0.000196	0.0	34.050200	0.000000	0.0	0.000000	0.0	0.0	0.000000	0.000000	0.0	0.000025	0.0	0.0	0.0	6.912761	4.800000	457.000000	0.000000
1869	288.318248	849.572230	274.775497	0.000000	0.000000	0.000000	0.000000	0.000000	5.299998	0.025000	0.000000	0.000000	0.000000	0.0	0.000000	0.0	0.0	0.0	0.0	0.0	0.0	0.0	0.0	0.0	0.0	0.0	0.000208	0.0	34.050200	0.000000	0.0	0.000000	0.0	0.0	0.000000	0.000000	0.0	0.000026	0.0	0.0	0.0	6.912761	4.800000	457.000000	0.000000
1870	288.439272	851.882012	274.941601	0.000000	0.000000	0.000000	0.000000	0.000000	5.299998	0.025000	0.000000	0.000000	0.000000	0.0	0.000000	0.0	0.0	0.0	0.0	0.0	0.0	0.0	0.0	0.0	0.0	0.0	0.000220	0.0	34.050200	0.000000	0.0	0.000000	0.0	0.0	0.000000	0.000000	0.0	0.000026	0.0	0.0	0.0	6.912761	4.800000	457.000000	0.000000
1871	288.569275	853.444908	275.131661	0.000000	0.000000	0.000000	0.000000	0.000000	5.299998	0.025000	0.000000	0.000000	0.000000	0.0	0.000000	0.0	0.0	0.0	0.0	0.0	0.0	0.0	0.0	0.0	0.0	0.0	0.000232	0.0	34.050300	0.000000	0.0	0.000000	0.0	0.0	0.000000	0.000000	0.0	0.000026	0.0	0.0	0.0	6.912761	4.800000	457.000000	0.000000
1872	288.730338	854.689688	275.313726	0.000000	0.000000	0.000000	0.000000	0.000000	5.299998	0.025000	0.000000	0.000000	0.000000	0.0	0.000000	0.0	0.0	0.0	0.0	0.0	0.0	0.0	0.0	0.0	0.0	0.0	0.000244	0.0	34.050300	0.000000	0.0	0.000000	0.0	0.0	0.000000	0.000000	0.0	0.000026	0.0	0.0	0.0	6.912761	4.800000	457.000000	0.000000
1873	288.917393	855.629780	275.492830	0.000000	0.000000	0.000000	0.000000	0.000000	5.299998	0.025000	0.000000	0.000000	0.000000	0.0	0.000000	0.0	0.0	0.0	0.0	0.0	0.0	0.0	0.0	0.0	0.0	0.0	0.000257	0.0	34.050300	0.000000	0.0	0.000000	0.0	0.0	0.000000	0.000000	0.0	0.000027	0.0	0.0	0.0	6.912761	4.800000	457.000000	0.000000
1874	289.109487	857.286486	275.665892	0.000000	0.000000	0.000000	0.000000	0.000000	5.299998	0.025000	0.000000	0.000000	0.000000	0.0	0.000000	0.0	0.0	0.0	0.0	0.0	0.0	0.0	0.0	0.0	0.0	0.0	0.000269	0.0	34.050400	0.000000	0.0	0.000000	0.0	0.0	0.000000	0.000000	0.0	0.000027	0.0	0.0	0.0	6.912761	4.800000	457.000000	0.000000
1875	289.330565	858.940324	275.841976	0.000000	0.000000	0.000000	0.000000	0.000000	5.299998	0.025000	0.000000	0.000000	0.000000	0.0	0.000000	0.0	0.0	0.0	0.0	0.0	0.0	0.0	0.0	0.0	0.0	0.0	0.000282	0.0	34.050400	0.000000	0.0	0.000000	0.0	0.0	0.000000	0.000000	0.0	0.000027	0.0	0.0	0.0	6.912761	4.800000	457.000000	0.000000
1876	289.550666	860.335250	275.999046	0.000000	0.000000	0.000000	0.000000	0.000000	5.299998	0.025000	0.000000	0.000000	0.000000	0.0	0.000000	0.0	0.0	0.0	0.0	0.0	0.0	0.0	0.0	0.0	0.0	0.0	0.000295	0.0	34.050500	0.000000	0.0	0.000000	0.0	0.0	0.000000	0.000000	0.0	0.000027	0.0	0.0	0.0	6.912761	4.800000	457.000000	0.000000
1877	289.773790	861.860060	276.135121	0.000000	0.000000	0.000000	0.000000	0.000000	5.299998	0.025000	0.000000	0.000000	0.000000	0.0	0.000000	0.0	0.0	0.0	0.0	0.0	0.0	0.0	0.0	0.0	0.0	0.0	0.000308	0.0	34.050500	0.000000	0.0	0.000000	0.0	0.0	0.000000	0.000000	0.0	0.000028	0.0	0.0	0.0	6.912761	4.800000	457.000000	0.000000
1878	290.005894	863.624981	276.280198	0.000000	0.000000	0.000000	0.000000	0.000000	5.299998	0.025000	0.000000	0.000000	0.000000	0.0	0.000000	0.0	0.0	0.0	0.0	0.0	0.0	0.0	0.0	0.0	0.0	0.0	0.000322	0.0	34.050600	0.000000	0.0	0.000000	0.0	0.0	0.000000	0.000000	0.0	0.000028	0.0	0.0	0.0	6.912761	4.800000	457.000000	0.000000
1879	290.224986	865.773814	276.418287	0.000000	0.000000	0.000000	0.000000	0.000000	5.299998	0.025000	0.000000	0.000000	0.000000	0.0	0.000000	0.0	0.0	0.0	0.0	0.0	0.0	0.0	0.0	0.0	0.0	0.0	0.000335	0.0	34.050600	0.000000	0.0	0.000000	0.0	0.0	0.000000	0.000000	0.0	0.000028	0.0	0.0	0.0	6.912761	4.800000	457.000000	0.000000
1880	290.465092	868.191628	276.557353	0.000000	0.000000	0.000000	0.000000	0.000000	5.299998	0.025000	0.000000	0.000000	0.000000	0.0	0.000000	0.0	0.0	0.0	0.0	0.0	0.0	0.0	0.0	0.0	0.0	0.0	0.000349	0.0	34.050700	0.000000	0.0	0.000000	0.0	0.0	0.000000	0.000000	0.0	0.000028	0.0	0.0	0.0	6.912761	4.800000	457.000000	0.000000
1881	290.723217	870.484504	276.673439	0.000000	0.000000	0.000000	0.000000	0.000000	5.299998	0.025000	0.000000	0.000000	0.000000	0.0	0.000000	0.0	0.0	0.0	0.0	0.0	0.0	0.0	0.0	0.0	0.0	0.0	0.000363	0.0	34.050700	0.000000	0.0	0.000000	0.0	0.0	0.000000	0.000000	0.0	0.000029	0.0	0.0	0.0	6.912761	4.800000	457.000000	0.000000
1882	290.996369	872.755346	276.792515	0.000000	0.000000	0.000000	0.000000	0.000000	5.299998	0.025000	0.000000	0.000000	0.000000	0.0	0.000000	0.0	0.0	0.0	0.0	0.0	0.0	0.0	0.0	0.0	0.0	0.0	0.000377	0.0	34.050800	0.000000	0.0	0.000000	0.0	0.0	0.000000	0.000000	0.0	0.000029	0.0	0.0	0.0	6.912761	4.800000	457.000000	0.000000
1883	291.231465	875.113224	276.904572	0.000000	0.000000	0.000000	0.000000	0.000000	5.299998	0.025000	0.000000	0.000000	0.000000	0.0	0.000000	0.0	0.0	0.0	0.0	0.0	0.0	0.0	0.0	0.0	0.0	0.0	0.000392	0.0	34.050900	0.000000	0.0	0.000000	0.0	0.0	0.000000	0.000000	0.0	0.000029	0.0	0.0	0.0	6.912761	4.800000	457.000000	0.000000
1884	291.471571	877.663119	277.015653	0.000000	0.000000	0.000000	0.000000	0.000000	5.299998	0.025000	0.000000	0.000000	0.000000	0.0	0.000000	0.0	0.0	0.0	0.0	0.0	0.0	0.0	0.0	0.0	0.0	0.0	0.000407	0.0	34.051000	0.000000	0.0	0.000000	0.0	0.0	0.000000	0.000000	0.0	0.000029	0.0	0.0	0.0	6.912761	4.800000	457.000000	0.000000
1885	291.747716	880.544923	277.122736	0.000000	0.000000	0.000000	0.000000	0.000000	5.299998	0.025000	0.000000	0.000000	0.000000	0.0	0.000000	0.0	0.0	0.0	0.0	0.0	0.0	0.0	0.0	0.0	0.0	0.0	0.000422	0.0	34.051000	0.000000	0.0	0.000000	0.0	0.0	0.000000	0.000000	0.0	0.000030	0.0	0.0	0.0	6.912761	4.800000	457.000000	0.000000
1886	292.041880	883.363860	277.219809	0.000000	0.000000	0.000000	0.000000	0.000000	5.299998	0.025000	0.000000	0.000000	0.000000	0.0	0.000000	0.0	0.0	0.0	0.0	0.0	0.0	0.0	0.0	0.0	0.0	0.0	0.000437	0.0	34.051100	0.000000	0.0	0.000000	0.0	0.0	0.000000	0.000000	0.0	0.000030	0.0	0.0	0.0	6.912761	4.800000	457.000000	0.000000
1887	292.347039	886.462583	277.336902	0.000000	0.000000	0.000000	0.000000	0.000000	5.299998	0.025000	0.000000	0.000000	0.000000	0.0	0.000000	0.0	0.0	0.0	0.0	0.0	0.0	0.0	0.0	0.0	0.0	0.0	0.000452	0.0	34.051200	0.000000	0.0	0.000000	0.0	0.0	0.000000	0.000000	0.0	0.000030	0.0	0.0	0.0	6.912761	4.800000	457.000000	0.000000
1888	292.687230	889.460537	277.428971	0.000000	0.000000	0.000000	0.000000	0.000000	5.299998	0.025000	0.000000	0.000000	0.000000	0.0	0.000000	0.0	0.0	0.0	0.0	0.0	0.0	0.0	0.0	0.0	0.0	0.0	0.000468	0.0	34.051300	0.000000	0.0	0.000000	0.0	0.0	0.000000	0.000000	0.0	0.000030	0.0	0.0	0.0	6.912761	4.800000	457.000000	0.000000
1889	293.028428	892.695368	277.547040	0.000000	0.000000	0.000000	0.000000	0.000000	5.299998	0.025000	0.000000	0.000000	0.000000	0.0	0.000000	0.0	0.0	0.0	0.0	0.0	0.0	0.0	0.0	0.0	0.0	0.0	0.000484	0.0	34.051400	0.000000	0.0	0.000000	0.0	0.0	0.000000	0.000000	0.0	0.000031	0.0	0.0	0.0	6.912761	4.800000	457.000000	0.000000
1890	293.364618	895.927209	277.636118	0.000000	0.000000	0.000000	0.000000	0.000000	5.299998	0.025000	0.000000	0.000000	0.000000	0.0	0.000000	0.0	0.0	0.0	0.0	0.0	0.0	0.0	0.0	0.0	0.0	0.0	0.000500	0.0	34.051500	0.000000	0.0	0.000000	0.0	0.0	0.000000	0.000000	0.0	0.000031	0.0	0.0	0.0	6.912761	4.800000	457.000000	0.000000
1891	293.713819	899.215140	277.717200	0.000000	0.000000	0.000000	0.000000	0.000000	5.299998	0.025000	0.000000	0.000000	0.000000	0.0	0.000000	0.0	0.0	0.0	0.0	0.0	0.0	0.0	0.0	0.0	0.0	0.0	0.000517	0.0	34.051600	0.000000	0.0	0.000000	0.0	0.0	0.000000	0.000000	0.0	0.000031	0.0	0.0	0.0	6.912761	4.800000	457.000000	0.000000
1892	294.055994	903.087911	277.819278	0.000000	0.000000	0.000000	0.000000	0.000000	5.299998	0.025000	0.000000	0.000000	0.000000	0.0	0.000000	0.0	0.0	0.0	0.0	0.0	0.0	0.0	0.0	0.0	0.0	0.0	0.000533	0.0	34.051700	0.000000	0.0	0.000000	0.0	0.0	0.000000	0.000000	0.0	0.000031	0.0	0.0	0.0	6.912761	4.800000	457.000000	0.000000
1893	294.357153	906.832691	277.938354	0.000000	0.000000	0.000000	0.000000	0.000000	5.299998	0.025000	0.000000	0.000000	0.000000	0.0	0.000000	0.0	0.0	0.0	0.0	0.0	0.0	0.0	0.0	0.0	0.0	0.0	0.000550	0.0	34.051800	0.000000	0.0	0.000001	0.0	0.0	0.000000	0.000000	0.0	0.000032	0.0	0.0	0.0	6.912761	4.800000	457.000000	0.000000
1894	294.662312	910.041582	278.080441	0.000000	0.000000	0.000000	0.000000	0.000000	5.299998	0.025000	0.000000	0.000000	0.000000	0.0	0.000000	0.0	0.0	0.0	0.0	0.0	0.0	0.0	0.0	0.0	0.0	0.0	0.000568	0.0	34.051900	0.000000	0.0	0.000001	0.0	0.0	0.000000	0.000000	0.0	0.000032	0.0	0.0	0.0	6.912761	4.800000	457.000000	0.000000
1895	294.941480	912.794236	278.229516	0.000000	0.000000	0.000000	0.000000	0.000000	5.299998	0.025000	0.000000	0.000000	0.000000	0.0	0.000000	0.0	0.0	0.0	0.0	0.0	0.0	0.0	0.0	0.0	0.0	0.0	0.000586	0.0	34.052100	0.000000	0.0	0.000002	0.0	0.0	0.000000	0.000000	0.0	0.000032	0.0	0.0	0.0	6.912761	4.800000	457.000000	0.000000
1896	295.218602	914.344191	278.344595	0.000000	0.000000	0.000000	0.000000	0.000000	5.299998	0.025000	0.000000	0.000000	0.000000	0.0	0.000000	0.0	0.0	0.0	0.0	0.0	0.0	0.0	0.0	0.0	0.0	0.0	0.000604	0.0	34.052200	0.000000	0.0	0.000003	0.0	0.0	0.000000	0.000000	0.0	0.000032	0.0	0.0	0.0	6.912761	4.800000	457.000000	0.000000
1897	295.490746	915.852277	278.463671	0.000000	0.000000	0.000000	0.000000	0.000000	5.299998	0.025000	0.000000	0.000000	0.000000	0.0	0.000000	0.0	0.0	0.0	0.0	0.0	0.0	0.0	0.0	0.0	0.0	0.0	0.000622	0.0	34.052300	0.000000	0.0	0.000004	0.0	0.0	0.000000	0.000000	0.0	0.000033	0.0	0.0	0.0	6.912761	4.800000	457.000000	0.000000
1898	295.789919	918.600048	278.582748	0.000000	0.000000	0.000000	0.000000	0.000000	5.299998	0.025000	0.000000	0.000000	0.000000	0.0	0.000000	0.0	0.0	0.0	0.0	0.0	0.0	0.0	0.0	0.0	0.0	0.0	0.000640	0.0	34.052500	0.000000	0.0	0.000005	0.0	0.0	0.000000	0.000000	0.0	0.000033	0.0	0.0	0.0	6.912761	4.800000	457.000000	0.000000
1899	296.127086	921.868875	278.734814	0.000000	0.000000	0.000000	0.000000	0.000000	5.299998	0.025000	0.000000	0.000000	0.000000	0.0	0.000000	0.0	0.0	0.0	0.0	0.0	0.0	0.0	0.0	0.0	0.0	0.0	0.000659	0.0	34.052600	0.000000	0.0	0.000007	0.0	0.0	0.000000	0.000000	0.0	0.000033	0.0	0.0	0.0	6.912761	4.800000	457.000000	0.000000
1900	296.493298	925.144661	278.887887	0.000000	0.000000	0.000000	0.000000	0.000000	5.299998	0.025000	0.000000	0.000000	0.000000	0.0	0.000000	0.0	0.0	0.0	0.0	0.0	0.0	0.0	0.0	0.0	0.0	0.0	0.000679	0.0	34.052800	0.000000	0.0	0.000008	0.0	0.0	0.000000	0.000000	0.0	0.000033	0.0	0.0	0.0	6.912761	4.800000	457.000000	0.000000
1901	296.816478	928.397742	279.053960	0.000000	0.000000	0.000000	0.000000	0.000000	5.299998	0.025000	0.000000	0.000000	0.000000	0.0	0.000000	0.0	0.0	0.0	0.0	0.0	0.0	0.0	0.0	0.0	0.0	0.0	0.000701	0.0	34.052900	0.000000	0.0	0.000010	0.0	0.0	0.000000	0.000000	0.0	0.000034	0.0	0.0	0.0	6.912761	4.800000	457.000000	0.000000
1902	297.125668	932.333379	279.309054	0.000000	0.000000	0.000000	0.000000	0.000000	5.299998	0.025000	0.000000	0.000000	0.000000	0.0	0.000000	0.0	0.0	0.0	0.0	0.0	0.0	0.0	0.0	0.0	0.0	0.0	0.000885	0.0	34.055300	0.000000	0.0	0.000015	0.0	0.0	0.000000	0.000000	0.0	0.000034	0.0	0.0	0.0	6.912761	4.800000	457.000000	0.000000
1903	297.445824	936.390537	279.611113	0.000000	0.000000	0.000000	0.000000	0.000000	5.299998	0.025001	0.000000	0.000000	0.000000	0.0	0.000000	0.0	0.0	0.0	0.0	0.0	0.0	0.0	0.0	0.0	0.0	0.0	0.001117	0.0	34.058000	0.000000	0.0	0.000025	0.0	0.0	0.000000	0.000000	0.0	0.000034	0.0	0.0	0.0	6.912761	4.800000	457.000000	0.000000
1904	297.736995	941.726198	279.894191	0.000000	0.000000	0.000000	0.000000	0.000000	5.299998	0.025000	0.000000	0.000000	0.000000	0.0	0.000000	0.0	0.0	0.0	0.0	0.0	0.0	0.0	0.0	0.0	0.0	0.0	0.001383	0.0	34.060800	0.000000	0.0	0.000035	0.0	0.0	0.000000	0.000000	0.0	0.000034	0.0	0.0	0.0	6.912761	4.800000	457.000000	0.000000
1905	298.063167	947.060089	280.174278	0.000000	0.000000	0.000000	0.000000	0.000000	5.299998	0.025001	0.000000	0.000000	0.000000	0.0	0.000000	0.0	0.0	0.0	0.0	0.0	0.0	0.0	0.0	0.0	0.0	0.0	0.001716	0.0	34.064200	0.000000	0.0	0.000050	0.0	0.0	0.000000	0.000000	0.0	0.000035	0.0	0.0	0.0	6.912761	4.800000	457.000000	0.000000
1906	298.427363	952.714049	280.456349	0.000000	0.000000	0.000000	0.000000	0.000000	5.299998	0.025000	0.000000	0.000000	0.000000	0.0	0.000000	0.0	0.0	0.0	0.0	0.0	0.0	0.0	0.0	0.0	0.0	0.0	0.002196	0.0	34.068700	0.000000	0.0	0.000060	0.0	0.0	0.000000	0.000000	0.0	0.000035	0.0	0.0	0.0	6.912761	4.800000	457.000000	0.000000
1907	298.854628	958.782621	280.759416	0.000000	0.000000	0.000000	0.000000	0.000000	5.299998	0.025001	0.000000	0.000000	0.000000	0.0	0.000000	0.0	0.0	0.0	0.0	0.0	0.0	0.0	0.0	0.0	0.0	0.0	0.002873	0.0	34.074700	0.000000	0.0	0.000085	0.0	0.0	0.000000	0.000000	0.0	0.000035	0.0	0.0	0.0	6.912761	4.800000	457.000000	0.000000
1908	299.265889	963.716670	281.101515	0.000000	0.000000	0.000000	0.000000	0.000000	5.299998	0.025000	0.000000	0.000000	0.000000	0.0	0.000000	0.0	0.0	0.0	0.0	0.0	0.0	0.0	0.0	0.0	0.0	0.0	0.003765	0.0	34.082400	0.000000	0.0	0.000110	0.0	0.0	0.000000	0.000000	0.0	0.000035	0.0	0.0	0.0	6.912761	4.800000	457.000000	0.000000
1909	299.675135	969.034570	281.447581	0.000000	0.000000	0.000000	0.000000	0.000000	5.299998	0.025073	0.000000	0.000000	0.000000	0.0	0.000000	0.0	0.0	0.0	0.0	0.0	0.0	0.0	0.0	0.0	0.0	0.0	0.004335	0.0	34.087400	0.000000	0.0	0.000125	0.0	0.0	0.000000	0.000000	0.0	0.000036	0.0	0.0	0.0	6.912761	4.800000	457.000000	0.000000
1910	300.107378	974.428154	281.818672	0.000000	0.000000	0.000000	0.000000	0.000000	5.299998	0.025329	0.000000	0.000000	0.000000	0.0	0.000000	0.0	0.0	0.0	0.0	0.0	0.0	0.0	0.0	0.0	0.0	0.0	0.005610	0.0	34.098300	0.000000	0.0	0.000160	0.0	0.0	0.000000	0.000000	0.0	0.000036	0.0	0.0	0.0	6.912761	4.800000	457.000000	0.000000
1911	300.550647	979.111228	282.232731	0.000000	0.000000	0.000000	0.000000	0.000000	5.299998	0.081247	0.000000	0.000000	0.000000	0.0	0.000000	0.0	0.0	0.0	0.0	0.0	0.0	0.0	0.0	0.0	0.0	0.0	0.007500	0.0	34.114600	0.000000	0.0	0.000210	0.0	0.0	0.000000	0.000000	0.0	0.000036	0.0	0.0	0.0	6.912761	4.800000	457.000000	0.000000
1912	301.065994	983.256581	282.537812	0.000000	0.000000	0.000000	0.000000	0.000000	5.299998	0.100000	0.000000	0.000000	0.000000	0.0	0.000000	0.0	0.0	0.0	0.0	0.0	0.0	0.0	0.0	0.0	0.0	0.0	0.009260	0.0	34.129800	0.000000	0.0	0.000265	0.0	0.0	0.000000	0.000000	0.0	0.000036	0.0	0.0	0.0	6.912761	4.800000	457.000000	0.000000
1913	301.614357	985.897907	282.887876	0.000000	0.000000	0.000000	0.000000	0.000000	5.299998	0.116667	0.000000	0.000000	0.000000	0.0	0.000000	0.0	0.0	0.0	0.0	0.0	0.0	0.0	0.0	0.0	0.0	0.0	0.011570	0.0	34.149800	0.000000	0.0	0.000330	0.0	0.0	0.000000	0.000000	0.0	0.000037	0.0	0.0	0.0	6.912761	4.800000	457.000000	0.000000
1914	302.114647	988.271349	283.248957	0.000000	0.000000	0.000000	0.000000	0.000000	5.299998	0.193331	0.000000	0.000000	0.000000	0.0	0.000000	0.0	0.0	0.0	0.0	0.0	0.0	0.0	0.0	0.0	0.0	0.0	0.014085	0.0	34.171500	0.000000	0.0	0.000400	0.0	0.0	0.000000	0.000000	0.0	0.000037	0.0	0.0	0.0	6.912761	4.800000	457.000000	0.000000
1915	302.623978	991.126358	283.587058	0.000000	0.000000	0.000000	0.000000	0.000000	5.299998	0.316560	0.000000	0.000000	0.000000	0.0	0.000000	0.0	0.0	0.0	0.0	0.0	0.0	0.0	0.0	0.0	0.0	0.0	0.016685	0.0	34.194000	0.000000	0.0	0.000475	0.0	0.0	0.000000	0.000000	0.0	0.000037	0.0	0.0	0.0	6.912761	4.800000	457.000000	0.000000
1916	303.163330	998.124007	283.859119	0.000000	0.000000	0.000000	0.000000	0.000000	5.299998	0.520652	0.000000	0.000000	0.000000	0.0	0.000000	0.0	0.0	0.0	0.0	0.0	0.0	0.0	0.0	0.0	0.0	0.0	0.019670	0.0	34.219800	0.000000	0.0	0.000560	0.0	0.0	0.000000	0.000000	0.0	0.000037	0.0	0.0	0.0	6.912761	4.800000	457.000000	0.000000
1917	303.680663	1003.245557	284.169205	0.000000	0.000000	0.000000	0.000000	0.000000	5.299998	0.756341	0.000000	0.000000	0.000000	0.0	0.000000	0.0	0.0	0.0	0.0	0.0	0.0	0.0	0.0	0.0	0.0	0.0	0.023925	0.0	34.256400	0.000000	0.0	0.000680	0.0	0.0	0.000000	0.000000	0.0	0.000038	0.0	0.0	0.0	6.912761	4.800000	457.000000	0.000000
1918	304.109913	1009.810283	284.366285	0.000000	0.000000	0.000000	0.000000	0.000000	5.299998	0.927674	0.000000	0.000000	0.000000	0.0	0.000000	0.0	0.0	0.0	0.0	0.0	0.0	0.0	0.0	0.0	0.0	0.0	0.028690	0.0	34.297500	0.000000	0.0	0.000815	0.0	0.0	0.000000	0.000000	0.0	0.000038	0.0	0.0	0.0	6.912761	4.800000	457.000000	0.000000
1919	304.466138	1017.315073	284.419351	0.000000	0.000000	0.000000	0.000000	0.000000	5.299998	1.084364	0.000000	0.000000	0.000000	0.0	0.000000	0.0	0.0	0.0	0.0	0.0	0.0	0.0	0.0	0.0	0.0	0.0	0.033435	0.0	34.338700	0.000000	0.0	0.000950	0.0	0.0	0.000000	0.000000	0.0	0.000038	0.0	0.0	0.0	6.912761	4.800000	457.000000	0.000000
1920	304.889402	1024.759865	284.504431	0.000000	0.000000	0.000000	0.000000	0.000000	5.299998	1.176038	0.000000	0.000000	0.000000	0.0	0.000000	0.0	0.0	0.0	0.0	0.0	0.0	0.0	0.0	0.0	0.0	0.0	0.037705	0.0	34.375800	0.000000	0.0	0.001070	0.0	0.0	0.000000	0.000000	0.0	0.000038	0.0	0.0	0.0	6.912761	4.799999	457.000000	0.000000
1921	305.234571	1031.894720	284.621524	0.000000	0.000000	0.000000	0.000000	0.000000	5.299998	1.241670	0.000000	0.000000	0.000000	0.0	0.000000	0.0	0.0	0.0	0.0	0.0	0.0	0.0	0.0	0.0	0.0	0.0	0.042185	0.0	34.414700	0.000000	0.0	0.001200	0.0	0.0	0.000000	0.000000	0.0	0.000039	0.0	0.0	0.0	6.912761	4.803526	457.000000	0.000000
1922	305.570761	1038.799473	284.759582	0.000000	0.000000	0.000000	0.000000	0.000000	5.299998	1.388886	0.000000	0.000000	0.000000	0.0	0.000000	0.0	0.0	0.0	0.0	0.0	0.0	0.0	0.0	0.0	0.0	0.0	0.043895	0.0	34.430100	0.000000	0.0	0.001250	0.0	0.0	0.000000	0.000000	0.0	0.000039	0.0	0.0	0.0	6.912761	4.813409	457.000000	0.000000
1923	305.887953	1044.834231	285.063656	0.000000	0.000000	0.000000	0.000000	0.000000	5.299998	1.624992	0.000000	0.000000	0.000000	0.0	0.000000	0.0	0.0	0.0	0.0	0.0	0.0	0.0	0.0	0.0	0.0	0.0	0.047005	0.0	34.457200	0.000000	0.0	0.001335	0.0	0.0	0.000000	0.000000	0.0	0.000039	0.0	0.0	0.0	6.912761	4.828584	457.000000	0.000000
1924	306.238131	1049.159028	285.208734	0.000000	0.000000	0.000000	0.000000	0.000000	5.299998	1.845954	0.000000	0.000000	0.000000	0.0	0.000000	0.0	0.0	0.0	0.0	0.0	0.0	0.0	0.0	0.0	0.0	0.0	0.052590	0.0	34.505700	0.000000	0.0	0.001495	0.0	0.0	0.000000	0.000000	0.0	0.000039	0.0	0.0	0.0	6.912761	4.847969	457.000000	0.000000
1925	306.412206	1051.873840	285.262808	0.000000	0.000000	0.000000	0.000000	0.000000	5.299998	2.116422	0.000000	0.000000	0.000000	0.0	0.000000	0.0	0.0	0.0	0.0	0.0	0.0	0.0	0.0	0.0	0.0	0.0	0.058855	0.0	34.560600	0.000000	0.0	0.001675	0.0	0.0	0.000000	0.000000	0.0	0.000039	0.0	0.0	0.0	6.912761	4.870500	457.000000	0.000000
1926	306.544224	1053.318754	285.309893	0.000000	0.000000	0.000000	0.000000	0.000000	5.299998	2.460367	0.000000	0.000000	0.000000	0.0	0.000000	0.0	0.0	0.0	0.0	0.0	0.0	0.0	0.0	0.0	0.0	0.0	0.065165	0.0	34.616200	0.000000	0.0	0.001855	0.0	0.0	0.000000	0.000000	0.0	0.000040	0.0	0.0	0.0	6.912761	4.895097	457.000000	0.000000
1927	306.758308	1055.494015	285.364974	0.000000	0.000000	0.000000	0.000000	0.000000	5.299998	2.694286	0.000000	0.000000	0.000000	0.0	0.000000	0.0	0.0	0.0	0.0	0.0	0.0	0.0	0.0	0.0	0.0	0.0	0.072020	0.0	34.676800	0.000000	0.0	0.002050	0.0	0.0	0.000000	0.000000	0.0	0.000040	0.0	0.0	0.0	6.912761	4.920687	457.000000	0.000000
1928	306.901352	1060.368739	285.465038	0.000000	0.000000	0.000000	0.000000	0.000000	5.299998	3.026491	0.000000	0.000000	0.000000	0.0	0.000000	0.0	0.0	0.0	0.0	0.0	0.0	0.0	0.0	0.0	0.0	0.0	0.079705	0.0	34.745000	0.000000	0.0	0.002270	0.0	0.0	0.000000	0.000000	0.0	0.000040	0.0	0.0	0.0	6.912761	4.946200	457.000000	0.000000
1929	307.058415	1066.393609	285.530129	0.000000	0.000000	0.000000	0.000000	0.000000	5.299997	3.517714	0.000000	0.000000	0.000000	0.0	0.000000	0.0	0.0	0.0	0.0	0.0	0.0	0.0	0.0	0.0	0.0	0.0	0.088705	0.0	34.825200	0.000000	0.0	0.002530	0.0	0.0	0.000000	0.000000	0.0	0.000041	0.0	0.0	0.0	6.912761	4.970571	457.000000	0.000000
1930	307.174430	1072.378196	285.584203	0.000000	0.000000	0.001315	0.000000	0.000000	5.299999	4.063464	0.000000	0.000000	0.000000	0.0	0.000000	0.0	0.0	0.0	0.0	0.0	0.0	0.0	0.0	0.0	0.0	0.0	0.098080	0.0	34.909299	0.000000	0.0	0.002805	0.0	0.0	0.000000	0.000000	0.0	0.000041	0.0	0.0	0.0	6.912761	4.992711	457.000000	0.000000
1931	307.367501	1077.233145	285.777285	0.000000	0.000000	0.021152	0.000000	0.000000	5.306651	4.702978	0.000000	0.000000	0.000000	0.0	0.000000	0.0	0.0	0.0	0.0	0.0	0.0	0.0	0.0	0.0	0.0	0.0	0.106625	0.0	34.986599	0.000000	0.0	0.003050	0.0	0.0	0.000000	0.000000	0.0	0.000041	0.0	0.0	0.0	6.912761	5.014263	457.000000	0.000000
1932	307.629627	1081.707966	285.882354	0.000000	0.000000	0.074997	0.000000	0.000000	5.338305	5.294213	0.000000	0.000000	0.000000	0.0	0.000000	0.0	0.0	0.0	0.0	0.0	0.0	0.0	0.0	0.0	0.0	0.0	0.112750	0.0	35.042799	0.000000	0.0	0.003230	0.0	0.0	0.000000	0.000000	0.0	0.000041	0.0	0.0	0.0	6.912761	5.036629	457.000000	0.000000
1933	307.929778	1086.292895	286.038417	0.000000	0.000000	0.124998	0.000000	0.000000	5.379979	5.937421	0.000000	0.000000	0.000000	0.0	0.000000	0.0	0.0	0.0	0.0	0.0	0.0	0.0	0.0	0.0	0.0	0.0	0.116370	0.0	35.076699	0.000000	0.0	0.003340	0.0	0.0	0.000000	0.000000	0.0	0.000041	0.0	0.0	0.0	6.912761	5.060059	457.000000	0.000000
1934	308.303992	1091.527726	286.141503	0.000000	0.000000	0.174998	0.000000	0.000000	5.419979	6.679799	0.000000	0.000762	0.000000	0.0	0.000000	0.0	0.0	0.0	0.0	0.0	0.0	0.0	0.0	0.0	0.0	0.0	0.120130	0.0	35.111599	0.000000	0.0	0.003450	0.0	0.0	0.000000	0.000000	0.0	0.000042	0.0	0.0	0.0	6.912761	5.084178	457.000000	0.000000
1935	308.737273	1096.842392	286.268575	0.000000	0.000000	0.224998	0.000000	0.000000	5.459979	7.595823	0.000000	0.019080	0.000000	0.0	0.000000	0.0	0.0	0.0	0.0	0.0	0.0	0.0	0.0	0.0	0.0	0.0	0.125110	0.0	35.157899	0.000000	0.0	0.003600	0.0	0.0	0.000000	0.000000	0.0	0.000042	0.0	0.0	0.0	6.912762	5.109823	457.000001	0.000000
1936	309.513813	1101.597486	286.435655	0.000000	0.000000	0.274998	0.000000	0.000000	5.499980	8.761372	0.000000	0.079322	0.000000	0.0	0.000000	0.0	0.0	0.0	0.0	0.0	0.0	0.0	0.0	0.0	0.0	0.0	0.133215	0.0	35.233599	0.000000	0.0	0.003845	0.0	0.0	0.000000	0.000000	0.0	0.000042	0.0	0.0	0.0	6.912760	5.136405	456.999999	0.000000
1937	310.257307	1106.091961	286.646742	0.000000	0.000000	0.324998	0.000000	0.000000	5.539981	10.024960	0.000000	0.140005	0.000000	0.0	0.000000	0.0	0.0	0.0	0.0	0.0	0.0	0.0	0.0	0.0	0.0	0.0	0.144080	0.0	35.336399	0.000000	0.0	0.004175	0.0	0.0	0.000000	0.000000	0.0	0.000043	0.0	0.0	0.0	6.912764	5.164171	457.000003	0.000000
1938	310.778640	1110.407603	286.893809	0.000000	0.000000	0.374998	0.000000	0.000000	5.579981	11.266163	0.000000	0.200004	0.000000	0.0	0.000000	0.0	0.0	0.0	0.0	0.0	0.0	0.0	0.0	0.0	0.0	0.0	0.158040	0.0	35.469799	0.000000	0.0	0.004605	0.0	0.0	0.000000	0.000000	0.0	0.000043	0.0	0.0	0.0	6.912754	5.193352	456.999993	0.000000
1939	311.327003	1116.691384	287.096901	0.000000	0.000000	0.424998	0.000444	0.000000	5.619982	12.575762	0.000000	0.260005	0.000000	0.0	0.000000	0.0	0.0	0.0	0.0	0.0	0.0	0.0	0.0	0.0	0.0	0.0	0.173690	0.0	35.621499	0.000000	0.0	0.005095	0.0	0.0	0.000000	0.000000	0.0	0.000043	0.0	0.0	0.0	6.912777	5.224133	457.000015	0.000000
1940	311.824300	1119.906806	287.335972	0.000000	0.000000	0.474998	0.009226	0.000000	5.659982	14.090855	0.000000	0.320004	0.000000	0.0	0.000000	0.0	0.0	0.0	0.0	0.0	0.0	0.0	0.0	0.0	0.0	0.0	0.192400	0.0	35.804999	0.000000	0.0	0.005690	0.0	0.0	0.000000	0.000000	0.0	0.000043	0.0	0.0	0.0	6.912726	5.256570	456.999964	0.000000
1941	312.269585	1123.031896	287.588044	0.000000	0.000000	0.524998	0.048158	0.000000	5.699983	15.872149	0.000000	0.380005	0.000000	0.0	0.000000	0.0	0.0	0.0	0.0	0.0	0.0	0.0	0.0	0.0	0.0	0.0	0.211070	0.0	35.991299	0.000000	0.0	0.006290	0.0	0.0	0.000000	0.000000	0.0	0.000044	0.0	0.0	0.0	6.923159	5.290311	457.000086	0.000000
1942	312.621778	1127.986454	287.869138	0.000000	0.000000	0.574998	0.112601	0.000000	5.739984	18.120430	0.000000	0.440004	0.000000	0.0	0.000000	0.0	0.0	0.0	0.0	0.0	0.0	0.0	0.0	0.0	0.0	0.0	0.235625	0.0	36.238899	0.000000	0.0	0.007100	0.0	0.0	0.000000	0.000000	0.0	0.000044	0.0	0.0	0.0	6.954430	5.325883	456.999741	0.000000
1943	312.830884	1132.461276	288.519190	0.000000	0.000000	0.624998	0.202455	0.000000	5.779984	20.794119	0.000000	0.500005	0.000000	0.0	0.000000	0.0	0.0	0.0	0.0	0.0	0.0	0.0	0.0	0.0	0.0	0.0	0.267040	0.0	36.561099	0.000000	0.0	0.008160	0.0	0.0	0.000000	0.000000	0.0	0.000044	0.0	0.0	0.0	7.005845	5.363472	457.932001	0.000000
1944	312.844798	1136.075990	288.745292	0.000000	0.019434	0.674998	0.317647	0.000000	5.819985	23.864783	0.000000	0.560004	0.000000	0.0	0.000000	0.0	0.0	0.0	0.0	0.0	0.0	0.0	0.0	0.0	0.0	0.0	0.308315	0.0	36.992799	0.000000	0.0	0.009595	0.0	0.0	0.000000	0.000000	0.0	0.000044	0.0	0.0	0.0	7.076577	5.403076	460.742504	0.000000
1945	312.807707	1139.131133	288.979358	0.004844	0.421500	0.724998	0.458056	0.000000	5.859985	25.904249	0.000000	0.620005	0.000000	0.0	0.000000	0.0	0.0	0.0	0.0	0.0	0.0	0.0	0.0	0.0	0.0	0.0	0.336380	0.0	37.297699	0.000000	0.0	0.010605	0.0	0.0	0.000000	0.000000	0.0	0.000044	0.0	0.0	0.0	7.165842	5.444616	463.243697	0.000000
1946	312.803631	1143.476194	289.186417	0.083372	1.635711	0.774998	0.623554	0.000000	5.899986	27.504757	0.000000	0.680003	0.000000	0.0	0.000000	0.0	0.0	0.0	0.0	0.0	0.0	0.0	0.0	0.0	0.0	0.0	0.344265	0.0	37.391699	0.000000	0.0	0.010915	0.0	0.0	0.000000	0.000000	0.0	0.000045	0.0	0.0	0.0	7.272849	5.488611	465.743289	0.000000
1947	312.890601	1149.460781	289.277509	0.300011	2.835014	0.824998	0.814012	0.000000	5.939987	29.078561	0.000000	0.740006	0.000000	0.0	0.000000	0.0	0.0	0.0	0.0	0.0	0.0	0.0	0.0	0.0	0.0	0.0	0.353655	0.0	37.500099	0.000000	0.0	0.011285	0.0	0.0	0.000000	0.000000	0.0	0.000045	0.0	0.0	0.0	7.396803	5.535007	468.243430	0.000000
1948	312.916548	1155.455500	289.329599	0.500013	4.025014	0.874998	1.031655	0.000000	5.979987	31.041143	0.000000	0.800002	0.000000	0.0	0.000000	0.0	0.0	0.0	0.0	0.0	0.0	0.0	0.0	0.0	0.0	0.0	0.368315	0.0	37.670499	0.000000	0.0	0.011870	0.0	0.0	0.000000	0.000000	0.0	0.000045	0.0	0.0	0.0	7.536918	5.583762	470.743379	0.000000
1949	313.018544	1160.180199	289.378668	0.700012	5.215013	0.924998	1.251817	0.000000	6.019988	33.192337	0.000000	0.860008	0.000000	0.0	0.000000	0.0	0.0	0.0	0.0	0.0	0.0	0.0	0.0	0.0	0.0	0.0	0.383625	0.0	37.855199	0.000275	0.0	0.012515	0.0	0.0	0.000000	0.000000	0.0	0.000046	0.0	0.0	0.0	7.692389	5.635349	473.243402	0.000000
1950	313.198635	1163.655631	289.526737	0.893882	6.382257	0.974998	1.482466	0.000000	6.059988	35.499833	0.000000	0.927501	0.000000	0.0	0.000000	0.0	0.0	0.0	0.0	0.0	0.0	0.0	0.0	0.0	0.0	0.0	0.396970	0.0	38.023899	0.001924	0.0	0.013105	0.0	0.0	0.000000	0.000000	0.0	0.000046	0.0	0.0	0.0	7.862438	5.689752	475.731464	0.000000
1951	313.382697	1168.649984	289.654816	1.146856	7.775353	1.024428	1.734916	0.000000	6.099991	37.580826	0.000000	0.934998	0.000000	0.0	0.000000	0.0	0.0	0.0	0.0	0.0	0.0	0.0	0.0	0.0	0.0	0.0	0.410645	0.0	38.204299	0.005467	0.0	0.013745	0.0	0.0	0.000000	0.000000	0.0	0.000046	0.0	0.0	0.0	8.046263	5.746818	478.311643	0.000000
1952	313.701875	1174.155689	289.826901	1.554027	9.444400	1.079318	1.984304	0.000000	6.139426	38.706895	0.000000	0.920000	0.000000	0.0	0.000000	0.0	0.0	0.0	0.0	0.0	0.0	0.0	0.0	0.0	0.0	0.0	0.425240	0.0	38.406998	0.014999	0.0	0.014465	0.0	0.0	0.000000	0.000000	0.0	0.000046	0.0	0.0	0.0	8.243067	5.807778	481.160642	0.000000
1953	314.081098	1183.210223	290.142968	2.129437	11.213325	1.138928	2.239912	0.000000	6.184987	40.051760	0.001163	0.926252	0.000000	0.0	0.000000	0.0	0.0	0.0	0.0	0.0	0.0	0.0	0.0	0.0	0.0	0.0	0.439210	0.0	38.614298	0.024999	0.0	0.015210	0.0	0.0	0.000000	0.000000	0.0	0.000046	0.0	0.0	0.0	8.459376	5.872755	484.176446	0.000000
1954	314.437292	1194.285142	290.364035	2.863596	13.203928	1.207977	2.494912	0.000000	6.229988	41.542467	0.017433	0.963756	0.000000	0.0	0.000000	0.0	0.0	0.0	0.0	0.0	0.0	0.0	0.0	0.0	0.0	0.0	0.453485	0.0	38.841298	0.034999	0.0	0.016020	0.0	0.0	0.000000	0.000000	0.0	0.000047	0.0	0.0	0.0	8.702844	5.941914	488.508852	0.000000
1955	314.748468	1206.510207	290.667132	3.767791	15.439632	1.293746	2.749912	0.000000	6.274989	43.172959	0.108080	1.053860	0.000000	0.0	0.000000	0.0	0.0	0.0	0.0	0.0	0.0	0.0	0.0	0.0	0.0	0.0	0.466715	0.0	39.070698	0.044999	0.0	0.016830	0.0	0.0	0.000000	0.000000	0.0	0.000047	0.0	0.0	0.0	8.963726	6.015554	493.254982	0.000000
1956	315.022597	1220.965009	291.017196	4.900767	18.007138	1.388206	3.006163	0.000000	6.319990	44.939256	0.289042	1.186010	0.000000	0.0	0.000000	0.0	0.0	0.0	0.0	0.0	0.0	0.0	0.0	0.0	0.0	0.0	0.478795	0.0	39.300198	0.054999	0.0	0.017625	0.0	0.0	0.000000	0.000000	0.0	0.000047	0.0	0.0	0.0	9.237828	6.093147	496.959698	0.000000
1957	315.307752	1235.669201	291.349285	6.239397	20.977540	1.497475	3.249913	0.000000	6.364990	46.829952	0.563670	1.346465	0.000000	0.0	0.000000	0.0	0.0	0.0	0.0	0.0	0.0	0.0	0.0	0.0	0.0	0.0	0.489310	0.0	39.520098	0.064999	0.0	0.018360	0.0	0.0	0.000000	0.000000	0.0	0.000047	0.0	0.0	0.0	9.522201	6.174787	500.697819	0.000000
1958	315.651943	1247.294291	291.616341	7.567233	24.184340	1.627484	3.496995	0.000000	6.409992	48.839949	0.880146	1.584595	0.000000	0.0	0.000000	0.0	0.0	0.0	0.0	0.0	0.0	0.0	0.0	0.0	0.0	0.0	0.497735	0.0	39.715098	0.074999	0.0	0.018970	0.0	0.0	0.000000	0.000000	0.0	0.000048	0.0	0.0	0.0	9.817558	6.260037	504.503934	0.000000
1959	316.105230	1257.198800	291.838445	8.797124	27.609051	1.777484	3.726592	0.000000	6.454298	50.971145	1.238610	1.906035	0.000000	0.0	0.000000	0.0	0.0	0.0	0.0	0.0	0.0	0.0	0.0	0.0	0.0	0.0	0.505240	0.0	39.904898	0.084999	0.0	0.019530	0.0	0.0	0.000000	0.000000	0.0	0.000048	0.0	0.0	0.0	10.130433	6.348479	508.363717	0.000000
1960	316.914785	1264.003455	292.141512	10.237121	31.605360	1.946943	3.938671	0.000000	6.504989	53.211243	1.701523	2.249407	0.000000	0.0	0.000000	0.0	0.0	0.0	0.0	0.0	0.0	0.0	0.0	0.0	0.0	0.0	0.513095	0.0	40.118598	0.094999	0.0	0.020105	0.0	0.0	0.000000	0.000000	0.0	0.000056	0.0	0.0	0.0	10.459146	6.439754	512.232841	0.000000
1961	317.580214	1269.349981	292.467589	12.167854	36.236665	2.141222	4.163667	0.000000	6.554992	55.563540	2.179267	2.637654	0.000000	0.0	0.000000	0.0	0.0	0.0	0.0	0.0	0.0	0.0	0.0	0.0	0.0	0.0	0.520730	0.0	40.342498	0.109999	0.0	0.020640	0.0	0.0	0.000000	0.000000	0.0	0.000396	0.0	0.0	0.0	10.799525	6.533174	516.040079	0.000000
1962	318.316744	1282.464573	292.817653	14.639893	41.476778	2.365680	4.398664	0.000000	6.604418	58.007437	2.772260	3.129154	0.000000	0.0	0.000000	0.0	0.0	0.0	0.0	0.0	0.0	0.0	0.0	0.0	0.0	0.0	0.527875	0.0	40.566097	0.129999	0.0	0.021115	0.0	0.0	0.000000	0.000000	0.0	0.000919	0.0	0.0	0.0	11.156875	6.628618	519.726474	0.000000
1963	318.914126	1300.688662	293.206749	17.717033	47.604593	2.625519	4.635970	0.000143	6.659988	60.507437	3.511745	3.753724	0.000000	0.0	0.000000	0.0	0.0	0.0	0.0	0.0	0.0	0.0	0.0	0.0	0.0	0.0	0.535165	0.0	40.804796	0.154998	0.0	0.021570	0.0	0.0	0.000000	0.000000	0.0	0.001543	0.0	0.0	0.0	11.525057	6.725568	523.243996	0.000000
1964	319.588565	1317.273468	293.571828	21.421671	54.799805	2.919598	4.877437	0.003478	6.715564	63.077533	4.254168	4.502782	0.000000	0.0	0.000000	0.0	0.0	0.0	0.0	0.0	0.0	0.0	0.0	0.0	0.0	0.0	0.542525	0.0	41.054696	0.179999	0.0	0.021990	0.0	0.0	0.000000	0.000000	0.0	0.002301	0.0	0.0	0.0	11.901809	6.824531	526.538645	0.000000
1965	320.062864	1330.968139	293.938890	25.709800	63.029015	3.257976	5.135174	0.019166	6.764422	65.626835	5.182889	5.391108	0.000000	0.0	0.000000	0.0	0.0	0.0	0.0	0.0	0.0	0.0	0.0	0.0	0.0	0.0	0.550850	0.0	41.342496	0.199999	0.0	0.022435	0.0	0.0	0.000021	0.000021	0.0	0.003262	0.0	0.0	0.0	12.285432	6.925759	529.577361	0.000000
1966	321.118647	1342.153165	294.353956	30.503734	72.247930	3.653163	5.413370	0.039499	6.819308	68.071240	6.633790	6.472540	0.000000	0.0	0.000000	0.0	0.0	0.0	0.0	0.0	0.0	0.0	0.0	0.0	0.0	0.0	0.559775	0.0	41.652496	0.219999	0.0	0.022890	0.0	0.0	0.000179	0.000191	0.0	0.004444	0.0	0.0	0.0	12.677055	7.028955	532.337101	0.000000
1967	321.710012	1354.189144	294.768046	35.866478	82.610146	4.101901	5.707025	0.063713	6.879990	70.426243	8.815616	7.774256	0.000000	0.0	0.000000	0.0	0.0	0.0	0.0	0.0	0.0	0.0	0.0	0.0	0.0	0.0	0.570145	0.0	42.004696	0.239999	0.0	0.023400	0.0	0.0	0.000386	0.000428	0.0	0.005949	0.0	0.0	0.0	13.071166	7.134127	534.823817	0.000000
1968	322.610643	1371.572901	295.184120	41.939132	94.259663	4.615648	6.014501	0.098729	6.939991	72.690547	11.549276	9.383843	0.000000	0.0	0.000000	0.0	0.0	0.0	0.0	0.0	0.0	0.0	0.0	0.0	0.0	0.0	0.582705	0.0	42.411496	0.269998	0.0	0.023990	0.0	0.0	0.000619	0.000720	0.0	0.007807	0.0	0.0	0.0	13.466867	7.241467	537.033559	0.000000
1969	323.464239	1389.269036	295.603184	48.922607	107.289180	5.203845	6.334147	0.143263	6.999992	74.869951	14.649740	11.191638	0.000000	0.0	0.000000	0.0	0.0	0.0	0.0	0.0	0.0	0.0	0.0	0.0	0.0	0.0	0.597670	0.0	42.862396	0.299998	0.0	0.024670	0.0	0.0	0.000887	0.001058	0.0	0.010129	0.0	0.0	0.0	13.861979	7.351486	538.971239	0.000033
1970	324.988379	1411.032553	296.027284	56.953255	121.649190	5.882411	6.664312	0.203540	7.059993	76.969954	17.680185	13.093747	0.000000	0.0	0.001065	0.0	0.0	0.0	0.0	0.0	0.0	0.0	0.0	0.0	0.0	0.0	0.617445	0.0	43.401396	0.324999	0.0	0.025530	0.0	0.0	0.001187	0.001435	0.0	0.012999	0.0	0.0	0.0	14.255303	7.463810	540.664860	0.000237
1971	325.596786	1431.057912	296.458341	65.846509	137.138205	6.660777	7.004381	0.274415	7.119412	78.989957	20.815478	15.120055	0.000000	0.0	0.021073	0.0	0.0	0.0	0.0	0.0	0.0	0.0	0.0	0.0	0.0	0.0	0.642445	0.0	44.007896	0.354998	0.0	0.026565	0.0	0.0	0.001514	0.001846	0.0	0.016469	0.0	0.0	0.0	14.645936	7.579107	542.126445	0.000296
1972	327.538247	1449.231830	296.898432	75.670888	153.856226	7.553642	7.356680	0.348220	7.184317	80.929361	24.916698	17.352390	0.000000	0.0	0.070000	0.0	0.0	0.0	0.0	0.0	0.0	0.0	0.0	0.0	0.0	0.0	0.674075	0.0	44.688696	0.389998	0.0	0.027815	0.0	0.0	0.001868	0.002300	0.0	0.020585	0.0	0.0	0.0	15.032683	7.698347	543.384934	0.000236
1973	330.091183	1462.807360	297.349509	86.872616	172.257260	8.576457	7.723948	0.438014	7.255664	82.793064	30.325836	19.927695	0.000000	0.0	0.115000	0.0	0.0	0.0	0.0	0.0	0.0	0.0	0.0	0.0	0.0	0.0	0.713880	0.0	45.454696	0.424998	0.0	0.029350	0.0	0.0	0.002245	0.002789	0.0	0.025346	0.0	0.0	0.0	15.414539	7.820894	544.463402	0.000169
1974	330.929753	1476.092362	297.812580	99.538903	192.564249	9.748060	8.108936	0.543196	7.319504	84.593166	36.768505	22.525583	0.000000	0.0	0.161270	0.0	0.0	0.0	0.0	0.0	0.0	0.0	0.0	0.0	0.0	0.0	0.764990	0.0	46.342595	0.459998	0.0	0.031320	0.0	0.0	0.002645	0.003297	0.0	0.030775	0.0	0.0	0.0	15.790506	7.947182	545.369823	0.000098
1975	330.991739	1491.697310	298.290665	112.331764	213.235222	11.095743	8.514407	0.661697	7.389227	86.328769	42.720016	25.179124	0.000000	0.0	0.195000	0.0	0.0	0.0	0.0	0.0	0.0	0.0	0.0	0.0	0.0	0.0	0.828490	0.0	47.357695	0.499998	0.0	0.033995	0.0	0.0	0.003066	0.003818	0.0	0.036913	0.0	0.0	0.0	16.159485	8.078149	546.137138	0.000083
1976	331.701209	1509.072156	298.785749	124.730748	232.997220	12.636435	8.955107	0.811808	7.465574	87.993072	49.041769	28.196116	0.000000	0.0	0.230000	0.0	0.0	0.0	0.0	0.0	0.0	0.0	0.0	0.0	0.0	0.0	0.887210	0.0	48.276095	0.544380	0.0	0.036665	0.0	0.0	0.003522	0.004345	0.0	0.043802	0.0	0.0	0.0	16.520374	8.213740	546.791424	0.000364
1977	333.501537	1527.646953	299.297800	136.795698	251.994205	14.478717	9.431879	0.983642	7.534414	89.592474	57.537215	31.407799	0.000000	0.0	0.265000	0.0	0.0	0.0	0.0	0.0	0.0	0.0	0.0	0.0	0.0	0.0	0.949080	0.0	49.292495	0.594551	0.0	0.039815	0.0	0.0	0.004007	0.004871	0.0	0.051483	0.0	0.0	0.0	16.872175	8.354131	547.339689	0.004997
1978	335.150775	1546.861765	299.830878	148.004581	270.001186	15.963048	9.926631	1.173645	7.609319	91.131876	68.573401	35.723577	0.000000	0.0	0.298730	0.0	0.0	0.0	0.0	0.0	0.0	0.0	0.0	0.0	0.0	0.0	1.021160	0.0	50.439495	0.659996	0.0	0.043615	0.0	0.0	0.004512	0.005389	0.0	0.060000	0.0	0.0	0.0	17.213786	8.499481	547.797898	0.000000
1979	336.850000	1566.136635	300.385959	157.638472	286.494159	17.683127	10.421234	1.378265	7.689991	92.613082	78.181793	40.489099	0.000000	0.0	0.342520	0.0	0.0	0.0	0.0	0.0	0.0	0.0	0.0	0.0	0.0	0.0	1.094820	0.0	51.557395	0.769993	0.0	0.047935	0.0	0.0	0.005033	0.005893	0.0	0.202500	0.0	0.0	0.0	17.544209	8.650031	548.182080	0.004000
1980	338.910000	1584.921393	301.062000	166.791500	303.960000	20.167388	10.134833	1.750000	7.769994	93.836993	85.925840	44.551489	0.000000	0.0	0.411786	0.0	0.0	0.0	0.0	0.0	0.0	0.0	0.0	0.0	0.0	0.0	1.215000	0.0	53.464000	0.858000	0.0	0.053255	0.0	0.0	0.005595	0.006383	0.0	0.345000	0.0	0.0	0.0	17.862243	8.805941	548.501238	0.003000
1981	340.110000	1602.636083	301.903500	175.023500	320.770000	23.256973	10.597542	2.010000	7.849402	95.403403	91.532700	47.887338	0.194413	0.0	0.752854	0.0	0.0	0.0	0.0	0.0	0.0	0.0	0.0	0.0	0.0	0.0	1.296000	0.0	54.612000	0.975000	0.0	0.059785	0.0	0.0	0.006560	0.006901	0.0	0.382000	0.0	0.0	0.0	18.167086	8.967849	548.765371	0.003000
1982	340.860000	1618.720889	303.075000	183.227000	337.320000	27.428000	11.040667	2.290000	7.934991	96.547421	95.897200	50.809209	0.197420	0.0	0.781810	0.0	0.0	0.0	0.0	0.0	0.0	0.0	0.0	0.0	0.0	0.0	1.367000	0.0	55.605000	1.102000	0.0	0.066400	0.0	0.0	0.007763	0.007240	0.0	0.405000	0.0	0.0	0.0	18.457444	9.135040	548.983475	0.004000
1983	342.530000	1632.615266	303.652500	192.261500	354.420000	30.069000	11.586000	2.600000	8.019996	97.855307	99.825250	53.922992	0.188400	0.0	0.796787	0.0	0.0	0.0	0.0	0.0	0.0	0.0	0.0	0.0	0.0	0.0	1.440000	0.0	56.621000	1.217000	0.0	0.071000	0.0	0.0	0.008971	0.007240	0.0	0.426000	0.0	0.0	0.0	18.732409	9.307110	549.168552	0.006000
1984	344.070000	1644.650000	304.341500	200.533500	370.360000	34.274000	12.176250	2.930000	8.103740	99.176424	104.464815	57.647674	0.169360	0.0	0.842717	0.0	0.0	0.0	0.0	0.0	0.0	0.0	0.0	0.0	0.0	0.0	1.527000	0.0	57.688000	1.341000	0.0	0.076000	0.0	0.0	0.010525	0.007745	0.0	0.465000	0.0	0.0	0.0	18.990788	9.483822	549.322630	0.008000
1985	345.540000	1657.260000	304.898500	210.593000	387.300000	39.285000	12.671083	3.290000	8.199989	100.404921	108.498425	62.683581	0.203432	0.0	0.872672	0.0	0.0	0.0	0.0	0.0	0.0	0.0	0.0	0.0	0.0	0.0	1.617000	0.0	58.718000	1.485000	0.0	0.082000	0.0	0.0	0.012608	0.008103	0.0	0.526000	0.0	0.0	0.0	19.231675	9.664216	549.452688	0.009000
1986	346.970000	1670.070000	305.809000	220.876500	406.230000	44.473000	13.331167	3.680000	8.294995	101.977437	111.735260	68.794592	0.258550	0.0	0.979509	0.0	0.0	0.0	0.0	0.0	0.0	0.0	0.0	0.0	0.0	0.0	1.707000	0.0	59.710000	1.646000	0.0	0.089000	0.0	0.0	0.015300	0.009501	0.0	0.587000	0.0	0.0	0.0	19.453976	9.847890	549.556753	0.009000
1987	348.680000	1680.128500	306.011000	232.090500	426.440000	50.738000	14.046417	4.100000	8.389331	103.178453	115.570945	73.234671	0.239509	0.0	0.981506	0.0	0.0	0.0	0.0	0.0	0.0	0.0	0.0	0.0	0.0	0.0	1.796000	0.0	60.716000	1.810000	0.0	0.096000	0.0	0.0	0.018450	0.011000	0.0	0.626000	0.0	0.0	0.0	19.656585	10.036277	549.646775	0.008000
1988	351.160000	1692.913000	306.724500	242.834000	449.060000	57.725000	14.644500	4.550000	8.489993	104.299062	120.832705	77.707907	0.219466	0.0	0.999478	0.0	0.0	0.0	0.0	0.0	0.0	0.0	0.0	0.0	0.0	0.0	1.888000	0.0	61.742000	1.975000	0.0	0.104000	0.0	0.0	0.022050	0.013500	0.0	0.657000	0.0	0.0	0.0	19.838415	10.239129	549.720829	0.008000
1989	352.790000	1706.684500	307.782500	251.562000	468.000000	64.395000	15.147750	5.010000	8.589394	105.471000	124.928230	83.375815	0.245522	0.0	1.124288	0.0	0.0	0.0	0.0	0.0	0.0	0.0	0.0	0.0	0.0	0.0	1.981000	0.0	62.787000	2.153000	0.0	0.111000	0.0	0.0	0.025650	0.016000	0.0	0.673000	0.0	0.0	0.0	19.998410	10.357226	549.780857	0.008000
1990	354.050000	1714.401500	308.710000	258.094000	483.150000	70.637000	15.591333	5.460000	8.694340	106.197500	129.338405	89.613427	0.276588	0.0	1.519687	0.0	0.0	0.0	0.0	0.0	0.0	0.0	0.0	0.0	0.0	0.0	2.073000	0.0	63.818000	2.349000	0.0	0.118000	0.0	0.0	0.029250	0.019000	0.0	0.676000	0.0	0.0	0.0	20.151575	10.327106	549.830852	0.009000
1991	355.390000	1727.859500	309.418000	262.570500	495.150000	75.902000	15.868417	5.890000	8.804993	106.031000	131.595765	95.669176	0.259552	0.0	2.289515	0.0	0.0	0.0	0.0	0.0	0.0	0.0	0.0	0.0	0.0	0.0	2.163000	0.0	64.820000	2.562000	0.0	0.126000	0.0	0.0	0.033750	0.022000	0.0	0.687000	0.0	0.0	0.0	20.308944	10.071283	549.871074	0.014000
1992	356.090000	1735.491500	309.945000	265.358000	506.200000	80.217500	16.041601	6.290000	8.914994	105.662500	132.855500	101.285000	0.281599	0.0	3.230083	0.0	0.0	0.0	0.0	0.0	0.0	0.0	0.0	0.0	0.0	0.0	2.249000	0.0	65.673000	2.773000	0.0	0.135000	0.0	0.0	0.038250	0.026000	0.0	0.729000	0.0	0.0	0.0	20.463134	9.682168	549.904908	0.023000
1993	356.830000	1737.490000	310.264000	266.732000	513.250000	82.305500	16.175336	6.680000	9.027161	104.910500	127.034500	105.546000	0.759000	0.0	3.797500	0.0	0.0	0.0	0.0	0.0	0.0	0.0	0.0	0.0	0.0	0.0	2.335000	0.0	66.459000	2.984000	0.0	0.145000	0.0	0.0	0.041850	0.030000	0.0	0.768000	0.0	0.0	0.0	20.606278	9.620109	549.941887	0.036000
1994	358.330000	1743.083000	310.811500	266.816000	518.930000	83.574000	16.266893	7.040000	9.131618	104.094500	116.699500	110.946000	1.890500	0.0	5.010500	0.0	0.0	0.0	0.0	0.0	0.0	0.0	0.0	0.0	0.0	0.0	2.421000	0.0	67.199000	3.207000	0.0	0.157000	0.0	0.0	0.046350	0.034500	0.0	0.804000	0.0	0.0	0.0	20.731009	9.593754	545.384726	0.051000
1995	360.170000	1748.095000	311.415000	265.639000	525.480000	83.767000	16.312600	7.360000	8.945095	103.313000	104.623000	116.059500	3.514000	0.0	6.224500	0.0	0.0	0.0	0.0	0.0	0.0	0.0	0.0	0.0	0.0	0.0	2.514000	0.0	67.943000	3.452500	0.0	0.171000	0.0	0.0	0.050400	0.039000	0.0	0.851000	0.0	0.0	0.0	20.829660	9.532502	550.386661	0.068000
1996	361.930000	1750.236000	312.273000	264.709000	531.100000	83.789000	16.340938	7.610000	9.129120	102.246000	91.102500	121.483000	5.434000	0.0	7.247500	0.0	0.0	0.0	0.0	0.0	0.0	0.0	0.0	0.0	0.0	0.0	2.617000	0.0	68.690000	3.693500	0.0	0.189000	0.0	0.0	0.054450	0.043500	0.0	0.906000	0.0	0.0	0.0	20.894384	9.145689	537.809596	0.087000
1997	363.050000	1753.672000	313.113000	263.590000	534.940000	83.468500	16.367549	7.800000	9.067615	101.277000	77.449500	125.952000	7.348500	0.0	8.384000	0.0	0.0	0.0	0.0	0.0	0.0	0.0	0.0	0.0	0.0	0.0	2.733000	0.0	69.416000	3.924000	0.0	0.209000	0.0	0.0	0.058500	0.048000	0.0	0.943000	0.0	0.0	0.0	20.919769	8.538978	541.677942	0.106000
1998	365.700000	1764.065000	313.893500	262.161000	537.700000	83.060500	16.389858	7.950000	9.343854	100.309000	65.032000	131.543500	9.128000	0.0	9.358500	0.0	0.0	0.0	0.0	0.0	0.0	0.0	0.0	0.0	0.0	0.0	2.857000	0.0	70.129000	4.143000	0.0	0.232000	0.0	0.0	0.062100	0.053000	0.0	0.993000	0.0	0.0	0.0	20.359299	8.207030	564.226657	0.126000
1999	367.800000	1771.838000	314.890500	260.679500	540.140000	82.606000	16.400769	8.070000	9.066815	99.164000	54.343500	136.740500	10.971000	0.0	10.335500	0.0	0.0	0.0	0.0	0.0	0.0	0.0	0.0	0.0	0.0	0.0	2.985000	0.0	70.819000	4.355500	0.0	0.257000	0.0	0.0	0.065700	0.058000	0.0	1.035000	0.0	0.0	0.0	20.441278	8.160533	556.445614	0.148000
2000	368.960000	1773.143000	315.879000	259.175500	542.270000	82.095500	16.399483	8.160000	9.091311	98.060000	45.442500	141.758500	12.693500	0.0	11.432500	0.0	0.0	0.0	0.0	0.0	0.0	0.0	0.0	0.0	0.0	0.0	3.113000	0.0	71.492000	4.557000	0.0	0.284000	0.0	0.0	0.069750	0.062500	0.0	1.070000	0.0	0.0	0.0	20.034658	7.522000	547.449571	0.173000
2001	370.570000	1771.652000	316.623500	257.543500	543.220000	81.569000	16.392058	8.240000	8.576790	97.077000	37.841500	147.677000	14.150000	0.0	12.439500	0.0	0.0	0.0	0.0	0.0	0.0	0.0	0.0	0.0	0.0	0.0	3.233000	0.0	72.143000	4.760000	0.0	0.312000	0.0	0.0	0.073350	0.067000	0.0	1.108000	0.0	0.0	0.0	19.541579	7.238000	536.712061	0.200000
2002	372.580000	1772.554000	317.271500	255.602000	543.710000	80.831500	16.376354	8.300000	8.206866	96.040000	31.530000	153.025000	15.477500	0.0	13.241500	0.0	0.0	0.0	0.0	0.0	0.0	0.0	0.0	0.0	0.0	0.0	3.351000	0.0	72.808000	4.976000	0.0	0.342000	0.0	0.0	0.076500	0.071000	0.0	1.160000	0.0	0.0	0.0	21.384501	7.190000	539.139670	0.231000
2003	375.150000	1776.749500	317.982500	253.470000	543.540000	80.090000	16.395982	8.330000	8.016322	95.073000	26.332500	158.122500	16.614000	0.0	13.898000	0.0	0.0	0.0	0.0	0.0	0.0	0.0	0.0	0.0	0.0	0.0	3.464000	0.0	73.535000	5.193000	0.0	0.371000	0.0	0.0	0.080100	0.074500	0.0	1.227000	0.0	0.0	0.0	21.955763	7.246000	541.022405	0.267000
2004	376.950000	1776.124000	318.637500	251.466000	543.090000	79.245000	16.391750	8.343333	7.940204	94.086000	21.885000	162.909500	17.330500	0.0	14.575500	0.0	0.0	0.0	0.0	0.0	0.0	0.0	0.0	0.0	0.0	0.0	3.576333	0.0	74.322667	5.421500	0.0	0.405667	0.0	0.0	0.083250	0.077000	0.0	1.303000	0.0	0.0	0.0	21.630816	7.134000	534.657833	0.309000
2005	378.980000	1774.142000	319.348500	249.412500	542.360000	78.651500	16.287375	8.347917	8.035657	93.131500	18.301500	168.704000	17.675500	0.0	15.151500	0.0	0.0	0.0	0.0	0.0	0.0	0.0	0.0	0.0	0.0	0.0	3.666667	0.0	74.995500	5.646500	0.0	0.430000	0.0	0.0	0.086400	0.080000	0.0	1.349917	0.0	0.0	0.0	22.703666	7.123000	540.401750	0.358000
2006	381.150000	1774.364000	320.190500	247.235500	540.830000	78.039500	16.212875	8.364667	7.806013	92.015500	15.302500	175.376000	18.134000	0.0	15.953000	0.0	0.0	0.0	0.0	0.0	0.0	0.0	0.0	0.0	0.0	0.0	3.745833	0.0	75.656667	5.885500	0.0	0.459500	0.0	0.0	0.089550	0.081500	0.0	1.424000	0.0	0.0	0.0	22.916111	7.134000	533.203750	0.415000
2007	382.900000	1781.297500	320.941500	245.117500	538.680000	77.235000	16.240750	8.355083	7.655463	90.885500	12.784500	183.219000	18.785500	0.0	16.964500	0.0	0.0	0.0	0.0	0.0	0.0	0.0	0.0	0.0	0.0	0.0	3.849000	0.0	76.419583	6.159000	0.0	0.480333	0.0	0.0	0.092700	0.083500	0.0	1.476833	0.0	0.0	0.0	24.113162	7.358000	542.334667	0.481000
2008	385.020000	1787.747000	321.848500	243.152000	536.370000	76.497500	16.309500	8.368167	7.428530	89.734000	10.732500	191.327500	19.349500	0.0	18.135000	0.0	0.0	0.0	0.0	0.0	0.0	0.0	0.0	0.0	0.0	0.0	3.940083	0.0	77.100750	6.444500	0.0	0.501000	0.0	0.0	0.096300	0.085000	0.0	1.516833	0.0	0.0	0.0	26.412729	7.271000	544.999750	0.557000
2009	386.500000	1792.685500	322.554000	241.271000	533.850000	75.874500	16.338500	8.371750	7.201031	88.446000	9.020786	198.823000	19.863000	0.0	19.236000	0.0	0.0	0.0	0.0	0.0	0.0	0.0	0.0	0.0	0.0	0.0	4.010083	0.0	77.687833	6.721000	0.0	0.517333	0.0	0.0	0.099000	0.086000	0.0	1.566000	0.0	0.0	0.0	26.188381	7.067000	537.784083	0.640000
2010	388.750000	1797.914500	323.436000	239.371000	530.900000	75.218000	16.320750	8.382417	7.141698	87.296500	7.546361	206.315500	20.467000	0.0	20.425727	0.0	0.0	0.0	0.0	0.0	0.0	0.0	0.0	0.0	0.0	0.0	4.089500	0.0	78.303833	7.008500	0.0	0.537750	0.0	0.0	0.102600	0.087000	0.0	1.632917	0.0	0.0	0.0	29.346548	7.273000	541.493250	0.731000
2011	390.620000	1803.326000	324.446000	237.286500	528.270000	74.560500	16.252750	8.389333	7.102981	86.108500	6.290252	213.165000	21.364500	0.0	21.201195	0.0	0.0	0.0	0.0	0.0	0.0	0.0	0.0	0.0	0.0	0.0	4.171583	0.0	78.990583	7.300000	0.0	0.557667	0.0	0.0	0.105300	0.088000	0.0	1.711833	0.0	0.0	0.0	29.494615	7.442000	531.216250	0.828000
2012	392.650000	1808.372000	325.318000	235.296500	525.530000	73.919500	16.136500	8.403250	7.002802	84.958500	5.230838	218.643000	22.366500	0.0	21.642761	0.0	0.0	0.0	0.0	0.0	0.0	0.0	0.0	0.0	0.0	0.0	4.247500	0.0	79.748833	7.592500	0.0	0.571083	0.0	0.0	0.108000	0.089000	0.0	1.798500	0.0	0.0	0.0	29.299616	7.638000	538.061417	0.930000
2013	395.400000	1813.764500	326.248500	233.607500	522.480000	73.254500	16.077750	8.420417	6.865339	83.892000	4.353848	224.158500	23.264500	0.0	22.015673	0.0	0.0	0.0	0.0	0.0	0.0	0.0	0.0	0.0	0.0	0.0	4.326167	0.0	80.492583	7.911500	0.0	0.587500	0.0	0.0	0.110700	0.090000	0.0	1.900333	0.0	0.0	0.0	35.047884	7.933000	537.692417	1.039000
2014	397.340000	1822.923000	327.369500	232.233000	519.600000	72.643500	16.056667	8.429333	6.713722	82.781000	3.640724	229.082000	23.802500	0.0	22.139008	0.0	0.0	0.0	0.0	0.0	0.0	0.0	0.0	0.0	0.0	0.0	4.405500	0.0	81.183417	8.248500	0.0	0.602167	0.0	0.0	0.113400	0.091000	0.0	2.019000	0.0	0.0	0.0	35.302254	8.493000	540.278500	1.159000
2015	399.650000	1834.005500	328.302500	230.958500	516.580000	72.007500	16.017500	8.467250	6.683195	81.644500	3.081904	233.327000	24.221000	0.0	22.165492	0.0	0.0	0.0	0.0	0.0	0.0	0.0	0.0	0.0	0.0	0.0	4.485417	0.0	81.906333	8.573500	0.0	0.618250	0.0	0.0	0.110000	0.092000	0.0	2.106667	0.0	0.0	0.0	34.725572	8.642000	544.592917	1.184500
2016	403.060000	1842.166500	329.124000	229.579500	513.270000	71.438500	16.013347	8.498000	6.855083	80.520500	2.606743	237.511000	24.510000	0.0	22.277083	0.0	0.0	0.0	0.0	0.0	0.0	0.0	0.0	0.0	0.0	0.0	4.565417	0.0	82.711500	8.906000	0.0	0.633250	0.0	0.0	0.113920	0.093000	0.0	2.196833	0.0	0.0	0.0	35.884759	9.039000	553.296167	1.440500
2017	405.220000	1849.236500	330.040000	228.637500	509.940000	70.936000	16.003512	8.559917	6.666736	79.608000	2.215500	241.039500	24.510337	0.0	22.338657	0.0	0.0	0.0	0.0	0.0	0.0	0.0	0.0	0.0	0.0	0.0	4.665333	0.0	83.636083	9.249500	0.0	0.646583	0.0	0.0	0.115400	0.094000	0.0	2.322333	0.0	0.0	0.0	38.484739	9.560000	545.762833	1.624250
2018	407.610000	1857.777000	331.190500	227.787500	506.970000	70.363500	16.003512	8.625583	6.566607	78.774000	1.902000	244.038500	24.370750	0.0	22.276529	0.0	0.0	0.0	0.0	0.0	0.0	0.0	0.0	0.0	0.0	0.0	4.758000	0.0	84.609333	9.593500	0.0	0.664917	0.0	0.0	0.116880	0.095000	0.0	2.407500	0.0	0.0	0.0	39.123620	9.374000	543.094917	1.832333
2019	410.070000	1866.455000	332.125000	226.225000	502.960000	69.799000	16.013347	8.674167	6.491144	78.030000	1.621000	246.750000	24.363733	0.0	22.253029	0.0	0.0	0.0	0.0	0.0	0.0	0.0	0.0	0.0	0.0	0.0	4.847667	0.0	85.542083	9.950500	0.0	0.684583	0.0	0.0	0.118360	0.096000	0.0	2.500167	0.0	0.0	0.0	40.615135	8.785000	540.790667	2.076583
2020	412.440000	1878.930000	333.290000	223.885000	498.960000	69.002905	16.000000	8.707167	6.598875	76.930000	1.409083	247.920000	24.515417	0.0	21.965458	0.0	0.0	0.0	0.0	0.0	0.0	0.0	0.0	0.0	0.0	0.0	4.937583	0.0	86.457833	10.270542	0.0	0.704083	0.0	0.0	0.119840	0.097000	0.0	2.580917	0.0	0.0	0.0	42.068950	8.728083	546.068250	2.313750
2021	414.700000	1895.480000	334.555000	221.575000	495.015000	68.302905	16.000000	8.746917	6.569042	75.805000	1.231708	248.840000	24.613250	0.0	21.754000	0.0	0.0	0.0	0.0	0.0	0.0	0.0	0.0	0.0	0.0	0.0	5.029917	0.0	87.476500	10.640500	0.0	0.721083	0.0	0.0	0.121320	0.098000	0.0	2.701583	0.0	0.0	0.0	46.257116	8.432083	545.487833	2.587750
2022	417.080000	1911.795000	335.845000	219.315000	491.340000	67.802905	16.000000	8.829333	6.471792	74.785000	1.116375	248.710000	24.622000	0.0	21.461500	0.0	0.0	0.0	0.0	0.0	0.0	0.0	0.0	0.0	0.0	0.0	5.145500	0.0	88.499667	11.033000	0.0	0.737333	0.0	0.0	0.122800	0.099000	0.0	2.823667	0.0	0.0	0.0	45.343283	7.831083	540.231500	2.899083
2023	419.360000	1922.110000	336.910000	216.815000	487.215000	67.202905	16.000000	8.860708	6.541316	73.925000	0.911838	247.285000	24.584132	0.0	21.535544	0.0	0.0	0.0	0.0	0.0	0.0	0.0	0.0	0.0	0.0	0.0	5.230908	0.0	89.431608	11.385057	0.0	0.756800	0.0	0.0	0.124280	0.100000	0.0	2.912892	0.0	0.0	0.0	48.106013	7.598425	542.825733	3.135300
2024	422.790000	1929.720000	337.920000	214.480000	482.870000	66.602905	15.994661	8.908733	6.526412	72.935000	0.811838	244.943333	24.464132	0.0	21.235544	0.0	0.0	0.0	0.0	0.0	0.0	0.0	0.0	0.0	0.0	0.0	5.326633	0.0	90.403117	11.765057	0.0	0.774933	0.0	0.0	0.125760	0.101000	0.0	3.016267	0.0	0.0	0.0	49.914143	7.254550	542.722767	3.399767
