0.0 
-0.000113617374201 
-0.0002300173155576 
-0.0003491008768811 
-0.0004708188548886 
-0.0005951915117069 
-0.000722136778772 
-0.0008516725992301 
-0.0009837812146371 
-0.0011183880056046 
-0.0012627865734778 
-0.0014169399549558 
-0.0015735497323629 
-0.0017325542530021 
-0.001893944748038 
-0.002057697500551 
-0.0022237859743677 
-0.0023921635477628 
-0.0025628368600826 
-0.0027357544666089 
-0.0029303801786677 
-0.0031467552503883 
-0.0033652764885344 
-0.0035859331932672 
-0.0038087091152127 
-0.0040335401960379 
-0.0042604658554265 
-0.0044893914890366 
-0.0047203494495929 
-0.0049532727299955 
-0.0051786450139968 
-0.0053964773596267 
-0.0056162010287139 
-0.0058377725302466 
-0.0060612011718882 
-0.0062864410399201 
-0.0065134439043489 
-0.0067422182082465 
-0.0069727011773362 
-0.0072049003241445 
-0.0074644972612032 
-0.0077514385009119 
-0.008039991024814 
-0.0083301366964971 
-0.0086218291978106 
-0.0089150884724877 
-0.0092098494653223 
-0.0095060856078031 
-0.0098037864631791 
-0.0101028934018115 
-0.0104621097733405 
-0.0108814559565596 
-0.0113021017271421 
-0.0117240662690929 
-0.012147331185046 
-0.0125718523371593 
-0.0129976101904509 
-0.0134245584688469 
-0.0138527022797947 
-0.0142819937459323 
-0.0147288367503201 
-0.0151931593246906 
-0.015658580347666 
-0.0161250490888985 
-0.0165925236710488 
-0.0170609753697417 
-0.017530374042065 
-0.0180007216462389 
-0.0184719750913255 
-0.0189440872998223 
-0.0194636914645512 
-0.0200307551592196 
-0.0205985911607065 
-0.0211671932696715 
-0.0217365501467828 
-0.0223066063680261 
-0.0228773527416185 
-0.0234487567385812 
-0.0240207674885061 
-0.0245934010777238 
-0.0252714740240951 
-0.0260549306586649 
-0.0268388954978831 
-0.0276233690882467 
-0.0284082847181792 
-0.0291936596716608 
-0.0299794261282263 
-0.0307655808838831 
-0.0315521018005509 
-0.0323389466019763 
-0.033099986756601 
-0.0338351813137139 
-0.0345706398052074 
-0.0353063074332754 
-0.0360421592039991 
-0.0367781821786668 
-0.0375143510739783 
-0.0382506140581146 
-0.0389869616837079 
-0.0397233774451827 
-0.0407671954820683 
-0.0421184760499469 
-0.0434697041175076 
-0.0448208863438303 
-0.0461719785661287 
-0.0475229670497797 
-0.0488738067673088 
-0.0502244793767008 
-0.0515749690571916 
-0.0529252208552142 
-0.0540191790696409 
-0.054856788760813 
-0.0556940696374603 
-0.0565310231282003 
-0.0573676373838943 
-0.0582038623544417 
-0.0590396627496011 
-0.0598750312698808 
-0.0607099318110949 
-0.0615443201064778 
-0.0629294377231894 
-0.0648652337954449 
-0.0668004492235374 
-0.0687350753815625 
-0.0706690657197716 
-0.0726023942299069 
-0.074535046734142 
-0.0764669696916388 
-0.0783981297552495 
-0.0803285317010434 
-0.0819794942568413 
-0.0833509605250589 
-0.0847215634257245 
-0.08609131238708 
-0.0874601430091734 
-0.0888280228733219 
-0.0901949619536423 
-0.0915608961433043 
-0.0929258316238129 
-0.0942897036154816 
-0.0956342414625865 
-0.0969594636081449 
-0.0982835548034822 
-0.0996064873053448 
-0.1009282247014779 
-0.1022487525256912 
-0.1035680398338305 
-0.1048860613293952 
-0.1062028229573424 
-0.1075182375935208 
-0.1090892724912132 
-0.1109160094534629 
-0.1127418456516959 
-0.1145670937536256 
-0.1163921736010851 
-0.1182175227410409 
-0.1200434705341025 
-0.1218704500832587 
-0.1236988366360736 
-0.1255290374063271 
-0.1267212735130193 
-0.1272759090589025 
-0.1278335439714814 
-0.1283945483881099 
-0.1289593059815693 
-0.1295282507982646 
-0.1301017281461209 
-0.130680135300255 
-0.1312639012201548 
-0.1318533977102844 
-0.1327294801863185 
-0.1338925626770472 
-0.1350625330385924 
-0.1362398114303407 
-0.1374247769017181 
-0.1386178305495281 
-0.139819352140776 
-0.1410297225063249 
-0.1422493847174697 
-0.1434786633971604 
-0.1446433766445408 
-0.145743928092998 
-0.146855316479271 
-0.1479779065815587 
-0.1491121008658421 
-0.1502582980254848 
-0.1514168998811895 
-0.1525882910882646 
-0.1537728849621009 
-0.1549710421666177 
-0.1553471507677634 
-0.1549020102219238 
-0.1544732864791065 
-0.1540628541939579 
-0.1536725620528485 
-0.153304312688186 
-0.1529600132595611 
-0.1526415139257558 
-0.1523507180111447 
-0.1520894812720697 
-0.1527454621515208 
-0.1544454232167547 
-0.1561482786734754 
-0.1577056560631111 
-0.1593866307628357 
-0.1611219031886786 
-0.1626727216117384 
-0.1640913522121583 
-0.1648912196405156 
-0.165036227187353 
-0.1653039850538704 
-0.1658463357858615 
-0.1668162381283598 
-0.1677627771885183 
-0.1683330376579187 
-0.1689482955147683 
-0.1694719489543546 
-0.1709413973282633 
-0.1739826484550899 
-0.1762176806199083 
-0.1776474917451435 
-0.1784945372483061 
-0.1790622798560533 
-0.1804375155951122 
-0.1814381408101386 
-0.1820211158435135 
-0.1827138256146277 
-0.1841593419487637 
-0.1860627573323767 
-0.1868581177587502 
-0.1877832894452312 
-0.18918510642498 
-0.1901900423332647 
-0.1913569296705247 
-0.192385204985349 
-0.1931441976428304 
-0.1938084232668827 
-0.1944734228710311 
-0.1951040503452316 
-0.1952776718607614 
-0.1954535152560227 
-0.1948853843464543 
-0.1940329450884025 
-0.1938077058856148 
-0.1936449333070667 
-0.1933024301506882 
-0.1936703175832718 
-0.1942811125681106 
-0.1946898476131636 
-0.1952386171438458 
-0.1957919751256485 
-0.1955242312325501 
-0.1946531316691046 
-0.1941332209543872 
-0.1939909799999999 
-0.1938277283753968 
-0.1928031252486979 
-0.1917542115040839 
-0.1912070478637517 
-0.190816492435995 
-0.1901931169118688 
-0.1892420982634786 
-0.1887698820508315 
-0.1893452375517682 
-0.189628852127162 
-0.1895554001720402 
-0.1898781362958737 
-0.1901065316126461 
-0.1900795897836534 
-0.1906331650548007 
-0.1911676840674947 
-0.1914143052782708 
-0.1916025012428275 
-0.1921963728308303 
-0.1925630395096181 
