11.2837
11.3799
11.3743
11.3751
11.3763
11.3726
11.3702
11.3709
11.3698
11.3665
11.3699
11.3717
11.3755
11.3766
11.3793
11.3797
11.3760
11.3724
11.3721
11.3733
11.3757
11.3818
11.3808
11.3815
11.3820
11.3784
11.3727
11.3746
11.3733
11.3700
11.3711
11.3756
11.3780
11.3802
11.3830
11.3826
11.3773
11.3735
11.3712
11.3707
11.3724
11.3795
11.3794
11.3812
11.3832
11.3813
11.3769
11.3791
11.3791
11.3765
11.3782
11.3818
11.3831
11.3839
11.3845
11.3833
11.3761
11.3717
11.3681
11.3663
11.3668
11.3722
11.3707
11.3709
11.3708
11.3676
11.3613
11.3622
11.3606
11.3573
11.3574
11.3612
11.3615
11.3623
11.3641
11.3628
11.3558
11.3516
11.3477
11.3457
11.3453
11.3498
11.3481
11.3488
11.3475
11.3438
11.3373
11.3373
11.3363
11.3320
11.3316
11.3364
11.3380
11.3373
11.3401
11.3382
11.3304
11.3248
11.3202
11.3178
11.3193
11.6194
11.6206
11.7310
11.7492
11.7866
11.7887
11.7398
11.6642
11.9432
12.0558
12.1772
12.1473
12.0505
12.0273
12.0820
12.1170
12.1031
12.1673
12.1315
12.0865
12.2088
12.1707
12.1634
12.1383
12.1512
12.0600
11.9614
12.0050
11.9703
11.9772
11.8732
11.8901
11.8562
11.8532
11.8317
11.7756
11.8675
11.7406
11.8638
11.7183
11.6803
11.7774
11.8592
11.9701
11.9976
11.8295
11.8475
11.8456
11.9991
12.0054
12.0726
12.5039
12.7326
12.6459
12.6311
12.6324
12.7300
12.9180
12.9389
13.0667
13.2835
12.7606
12.9810
13.0455
12.9364
12.6139
12.7986
12.2549
11.5593
11.7009
11.8523
11.9440
12.7332
11.9642
11.4894
11.4346
11.4455
11.6393
11.4472
11.3948
12.0670
11.6537
11.8999
11.6336
11.7443
11.9129
12.1032
12.2580
12.0236
12.1650
12.1935
12.3160
14.0648
11.9975
12.0297
11.8534
11.2408
10.9905
10.9193
11.3208
11.1349
11.2676
11.8924
11.3534
11.6551
11.8159
11.6704
11.2879
10.9930
11.3231
11.1682
11.2210
11.3458
11.1802
11.1066
11.2803
11.2161
11.1564
11.1219
11.0551
10.9913
10.9413
10.8527
10.8202
10.7732
10.7219
10.7514
10.7406
10.7948
11.3542
12.2431
13.9534
10.9884
11.4791
10.9386
12.6388
9.1786
11.6032
13.2551
12.5875
11.5909
10.7285
9.7142
10.8000
10.8909
11.9629
11.9971
11.7561
12.8509
12.9291
11.7899
11.2991
11.5173
11.1287
11.4013
12.0235
11.5069
12.3136
11.3879
12.1528
12.7194
12.0882
12.2371
13.1113
12.2534
11.7077
12.0852
13.1987
12.1694
13.3232
13.6961
13.9079
12.8277
