261.5599
263.8467
263.7086
263.9218
264.1063
264.1318
264.2537
264.4357
264.5137
264.5945
264.8159
264.9875
265.3366
265.5705
265.8344
266.0692
266.1301
266.1411
266.3250
266.5445
266.8231
267.1507
267.2447
267.4124
267.5258
267.5178
267.4858
267.6719
267.6917
267.7213
267.8259
268.0464
268.3253
268.5779
268.8221
269.0095
268.9980
268.9918
269.0928
269.2479
269.5008
269.8988
270.0526
270.2879
270.4711
270.5377
270.5818
270.7967
270.8918
270.9880
271.1377
271.3155
271.5073
271.6914
271.8167
271.9549
271.8605
271.8045
271.8398
271.9302
272.1047
272.4026
272.4657
272.6143
272.6944
272.6742
272.6186
272.7635
272.7801
272.8172
272.8811
273.0066
273.1195
273.2339
273.3393
273.4181
273.2603
273.1410
273.0951
273.1323
273.1358
273.3676
273.3542
273.4332
273.3825
273.2765
273.0763
273.1242
273.0494
272.9793
272.9325
273.0231
273.1036
273.1324
273.1959
273.1329
272.9261
272.6787
272.5563
272.4806
272.5268
270.8506
272.2940
273.7420
273.8423
274.5787
274.1137
274.8191
275.6346
276.1439
275.9143
276.6937
278.7205
280.5746
281.9548
282.0358
282.8372
283.7582
283.2303
282.5736
281.4556
279.5369
278.2796
277.3408
279.4850
279.2116
278.4998
278.8381
279.5016
280.5923
281.2976
281.1543
281.2756
281.5715
282.4245
283.6743
283.5799
284.4809
284.1162
285.2057
285.4082
286.0464
288.2658
288.8074
287.6441
286.3309
282.9645
282.6525
286.0644
287.4447
287.7010
288.1206
290.6517
291.2009
295.7150
296.3612
297.7163
298.9887
297.1656
298.9269
300.0445
298.6586
297.2457
292.5083
292.9121
294.4222
306.0091
301.1730
306.6936
312.2041
311.9262
313.8879
313.6750
310.6786
306.2939
301.7072
298.6185
298.1912
305.3786
307.9286
309.3203
307.5348
307.3138
307.0073
307.3515
306.8695
303.9655
301.8662
301.9389
307.1294
297.4835
295.2159
299.8083
296.4465
291.9038
291.4211
292.7673
293.6408
290.7373
286.2342
278.7050
280.0562
280.4163
290.2121
295.0019
295.6050
300.2286
299.7872
290.0232
280.9912
270.0627
263.5211
282.3965
294.2513
287.9174
277.3959
269.3315
271.5034
284.8130
282.2452
287.0680
287.1996
282.8946
267.7014
269.8253
279.6409
285.2151
289.6185
293.5904
294.8255
297.4222
303.6681
302.5300
299.3968
294.2238
298.9696
298.1911
292.9547
298.8720
295.7207
282.7071
303.3960
287.7321
274.3765
290.2029
277.9183
264.0020
272.3283
296.7867
292.3444
279.3810
272.0643
280.2868
282.1754
260.0406
254.4787
259.9607
281.8991
280.2870
277.5264
273.4054
273.1574
267.8825
265.3428
275.2985
283.1249
275.5401
270.7863
276.4950
275.6048
291.3941
300.1154
298.6817
282.8886
