0.0975902619928896 
0.0792439729303896 
0.0491660432428896 
0.0129882844538271 
-0.0214266081242978 
-0.0459039274602353 
-0.0534858122258603 
-0.0343438932805478 
0.0170132356257021 
0.0675123323053896 
0.0923952668757021 
0.0862486360163271 
0.0641582063288271 
0.0308197541803896 
-0.0059352262883603 
-0.0357791471867978 
-0.0498976774602353 
-0.0367151823430478 
0.0194469270319521 
0.0855934114069521 
0.1172626008600771 
0.1097119172663271 
0.0867790559382021 
0.0508353059382021 
0.0100865754694521 
-0.0256387663274228 
-0.0467931608586728 
-0.0429866178899228 
0.0016466584772646 
0.0730505403132021 
0.1158273469538271 
0.1156713410944521 
0.0913812287897646 
0.0545170442194521 
0.0109914094538271 
-0.0257011686711728 
-0.0449990934758603 
-0.0313017790227353 
0.0373095979303896 
0.1174498078913271 
0.1446260285944521 
0.1305230989069521 
0.1123484162897646 
0.0815684602350771 
0.0457027131647646 
0.0078088899225771 
-0.0260599821477353 
-0.0510989225774228 
-0.0633297819524228 
-0.0608024870305478 
-0.0425966032414853 
-0.0127214811711728 
0.0154219758600771 
0.0325826203913271 
0.0348603059382021 
0.0263111848444521 
0.0118338410944521 
-0.0082129118352353 
-0.0298665251164853 
-0.0493828581242978 
-0.0627993620305478 
-0.0674951383977353 
-0.0622221403508603 
-0.0465435514836728 
-0.0256387663274228 
-0.0066684538274228 
0.0049383821100771 
0.0066856477350771 
-0.0006622282414853 
-0.0140631315617978 
-0.0313797819524228 
-0.0479788053899228 
-0.0593984342961728 
-0.0618009245305478 
-0.0501784880071103 
-0.0202409635930478 
0.0131442903132021 
0.0375436067194521 
0.0449538850397646 
0.0359211457819521 
0.0161864045710146 
-0.0103657926946103 
-0.0354827360539853 
-0.0510521208196103 
-0.0485092253117978 
-0.0151551725774228 
0.0438618440241396 
0.0877930940241396 
0.0996183381647646 
0.0859366242975771 
0.0635029817194521 
0.0307105500788271 
-0.0041411589055478 
-0.0344686979680478 
-0.0530021940617978 
-0.0542502409367978 
-0.0418789762883603 
-0.0295389128117978 
-0.0171676481633603 
-0.0047963835149228 
0.0075280793757021 
0.0020678742975771 
0.0012566438288271 
-0.0088681364446103 
-0.0227214567571103 
-0.0312549772649228 
-0.0336418669133603 
-0.0276668424992978 
-0.0108026091008603 
0.0034563264460146 
0.0140335237116396 
0.0119118440241396 
-0.0003502165227353 
-0.0075420866399228 
-0.0145935514836728 
-0.0202721647649228 
-0.0231582731633603 
-0.0275420378117978 
-0.0177604704289853 
8.659988351464562e-05 
0.0014750520319521 
0.0122394563288271 
0.0065608430475771 
-0.0030959196477353 
-0.0114734342961728 
-0.0270740202336728 
-0.0342190885930478 
-0.0387900602727353 
-0.0444530729680478 
-0.0432674284367978 
-0.0293517057805478 
-0.0099913786321103 
-0.0141255339055478 
-0.0170896452336728 
0.0061084260553896 
-0.0083689176946103 
-0.0247963346867978 
-0.0349211149602353 
-0.0388836637883603 
-0.0403033171086728 
-0.0368399870305478 
-0.0114266325383603 
0.0094937532038271 
0.0259367707819521 
0.0457339143366396 
0.0269976106257021 
0.0013814485163271 
-0.0150615690617978 
-0.0227682585149228 
-0.0319414030461728 
-0.0372456022649228 
-0.0462939421086728 
-0.0441410612492978 
-0.0258259733586728 
0.0074656770319521 
-0.0072144743352353 
0.0167948274225771 
0.0038151399225771 
0.0119274446100771 
-0.0049211882024228 
-0.0173548551946103 
-0.0353267301946103 
-0.0421909880071103 
-0.0406777311711728 
-0.0269804167180478 
0.0127698762507021 
0.0447510774225771 
0.0658742707819521 
0.0696496125788271 
0.0370131867975771 
0.0060304231257021 
-0.0131426969914853 
-0.0306465544133603 
-0.0346247038274228 
-0.0269024137883603 
-0.0057636198430478 
0.0225514436335146 
0.0462487336725771 
0.0307105500788271 
0.0227542512507021 
0.0229726594538271 
0.0007418244928896 
-0.0158103971867978 
-0.0227370573430478 
-0.0150303678899228 
0.0115842317194521 
0.0692439973444521 
0.0725357209772646 
0.0620989289850771 
0.0591972200007021 
0.0397744905085146 
0.0240647004694521 
0.0055936067194521 
-0.0130646940617978 
-0.0078696989446103 
0.0275124299616396 
0.0445638703913271 
0.0900551789850771 
0.1056245637507021 
0.0906011994928896 
0.0569507356257021 
0.0124578645319521 
0.0104453889460146 
-0.0026123014836728 
-0.0024562956242978 
0.0248447297663271 
0.0849849885553896 
0.1409286897272646 
0.1483389680475771 
0.1166697785944521 
0.0949693635553896 
0.0468727571100771 
0.0134563020319521 
0.0018806672663271 
-0.0034859342961728 
-0.0004906217961728 
0.0251411408991396 
0.0568571321100771 
0.0735965608210146 
0.0765762727350771 
0.0785107453913271 
0.0498368684382021 
0.0480584016413271 
0.0192909211725771 
0.0051723908991396 
0.0054844026178896 
0.0008354280085146 
0.0309445588678896 
0.0770598908991396 
0.1158585481257021 
0.1082142610163271 
0.1107571565241396 
0.0674187287897646 
0.0655934602350771 
0.0146107453913271 
-0.0026123014836728 
-0.0004906217961728 
0.0103829866022646 
0.0554062776178896 
0.1172626008600771 
0.1058273713678896 
0.1041113069147646 
0.0833469270319521 
0.0344858918757021 
0.0049071809382021 
-0.0007090299992978 
-0.0129086882024228 
0.0035031282038271 
0.0503984895319521 
0.0849069856257021 
0.1100083283991396 
0.0994467317194521 
0.1047353303522646 
0.0433626252741396 
0.0165764192194521 
-0.0098821745305478 
-0.0158884001164853 
-0.0274016325383603 
-0.0298821257024228 
-0.0299445280461728 
-0.0077916960149228 
0.0265763948053896 
0.0409445344538271 
0.0492128450007021 
0.0591036164850771 
0.0291972932428896 
-0.0075872260402231 
-0.0174665810347086 
-0.0214675543197145 
-0.0221728717694077 
-0.0169686341312789 
0.0195572424081152 
0.0593930607808931 
0.0819815979437634 
0.0908372542604376 
