0.203680 	0.203680 	0.203680 	0.203680 	0.203680 	0.203680 	0.203680 	0.203680 	0.203680 	0.203680 	0.203680 	0.203680 	 
0.237324 	0.237324 	0.237324 	0.237324 	0.237324 	0.237324 	0.237324 	0.237324 	0.237324 	0.237324 	0.237324 	0.237324 	 
0.240070 	0.240070 	0.240070 	0.240070 	0.240070 	0.240070 	0.240070 	0.240070 	0.240070 	0.240070 	0.240070 	0.240070 	 
0.091164 	0.091164 	0.091164 	0.091164 	0.091164 	0.091164 	0.091164 	0.091164 	0.091164 	0.091164 	0.091164 	0.091164 	 
-0.071973 	-0.071973 	-0.071973 	-0.071973 	-0.071973 	-0.071973 	-0.071973 	-0.071973 	-0.071973 	-0.071973 	-0.071973 	-0.071973 	 
0.086290 	0.086290 	0.086290 	0.086290 	0.086290 	0.086290 	0.086290 	0.086290 	0.086290 	0.086290 	0.086290 	0.086290 	 
-0.035537 	-0.035537 	-0.035537 	-0.035537 	-0.035537 	-0.035537 	-0.035537 	-0.035537 	-0.035537 	-0.035537 	-0.035537 	-0.035537 	 
0.192848 	0.192848 	0.192848 	0.192848 	0.192848 	0.192848 	0.192848 	0.192848 	0.192848 	0.192848 	0.192848 	0.192848 	 
0.237671 	0.237671 	0.237671 	0.237671 	0.237671 	0.237671 	0.237671 	0.237671 	0.237671 	0.237671 	0.237671 	0.237671 	 
0.231929 	0.231929 	0.231929 	0.231929 	0.231929 	0.231929 	0.231929 	0.231929 	0.231929 	0.231929 	0.231929 	0.231929 	 
0.050240 	0.050240 	0.050240 	0.050240 	0.050240 	0.050240 	0.050240 	0.050240 	0.050240 	0.050240 	0.050240 	0.050240 	 
-1.256240 	-1.256240 	-1.256240 	-1.256240 	-1.256240 	-1.256240 	-1.256240 	-1.256240 	-1.256240 	-1.256240 	-1.256240 	-1.256240 	 
-0.591870 	-0.591870 	-0.591870 	-0.591870 	-0.591870 	-0.591870 	-0.591870 	-0.591870 	-0.591870 	-0.591870 	-0.591870 	-0.591870 	 
-0.030711 	-0.030711 	-0.030711 	-0.030711 	-0.030711 	-0.030711 	-0.030711 	-0.030711 	-0.030711 	-0.030711 	-0.030711 	-0.030711 	 
0.169600 	0.169600 	0.169600 	0.169600 	0.169600 	0.169600 	0.169600 	0.169600 	0.169600 	0.169600 	0.169600 	0.169600 	 
0.232951 	0.232951 	0.232951 	0.232951 	0.232951 	0.232951 	0.232951 	0.232951 	0.232951 	0.232951 	0.232951 	0.232951 	 
-0.242272 	-0.242272 	-0.242272 	-0.242272 	-0.242272 	-0.242272 	-0.242272 	-0.242272 	-0.242272 	-0.242272 	-0.242272 	-0.242272 	 
0.003014 	0.003014 	0.003014 	0.003014 	0.003014 	0.003014 	0.003014 	0.003014 	0.003014 	0.003014 	0.003014 	0.003014 	 
0.167135 	0.167135 	0.167135 	0.167135 	0.167135 	0.167135 	0.167135 	0.167135 	0.167135 	0.167135 	0.167135 	0.167135 	 
0.034184 	0.034184 	0.034184 	0.034184 	0.034184 	0.034184 	0.034184 	0.034184 	0.034184 	0.034184 	0.034184 	0.034184 	 
0.179534 	0.179534 	0.179534 	0.179534 	0.179534 	0.179534 	0.179534 	0.179534 	0.179534 	0.179534 	0.179534 	0.179534 	 
0.234060 	0.234060 	0.234060 	0.234060 	0.234060 	0.234060 	0.234060 	0.234060 	0.234060 	0.234060 	0.234060 	0.234060 	 
0.243692 	0.243692 	0.243692 	0.243692 	0.243692 	0.243692 	0.243692 	0.243692 	0.243692 	0.243692 	0.243692 	0.243692 	 
0.245245 	0.245245 	0.245245 	0.245245 	0.245245 	0.245245 	0.245245 	0.245245 	0.245245 	0.245245 	0.245245 	0.245245 	 
0.245485 	0.245485 	0.245485 	0.245485 	0.245485 	0.245485 	0.245485 	0.245485 	0.245485 	0.245485 	0.245485 	0.245485 	 
0.245521 	0.245521 	0.245521 	0.245521 	0.245521 	0.245521 	0.245521 	0.245521 	0.245521 	0.245521 	0.245521 	0.245521 	 
0.245526 	0.245526 	0.245526 	0.245526 	0.245526 	0.245526 	0.245526 	0.245526 	0.245526 	0.245526 	0.245526 	0.245526 	 
0.245527 	0.245527 	0.245527 	0.245527 	0.245527 	0.245527 	0.245527 	0.245527 	0.245527 	0.245527 	0.245527 	0.245527 	 
0.242553 	0.242553 	0.242553 	0.242553 	0.242553 	0.242553 	0.242553 	0.242553 	0.242553 	0.242553 	0.242553 	0.242553 	 
0.165436 	0.165436 	0.165436 	0.165436 	0.165436 	0.165436 	0.165436 	0.165436 	0.165436 	0.165436 	0.165436 	0.165436 	 
0.191984 	0.191984 	0.191984 	0.191984 	0.191984 	0.191984 	0.191984 	0.191984 	0.191984 	0.191984 	0.191984 	0.191984 	 
0.236454 	0.236454 	0.236454 	0.236454 	0.236454 	0.236454 	0.236454 	0.236454 	0.236454 	0.236454 	0.236454 	0.236454 	 
0.244145 	0.244145 	0.244145 	0.244145 	0.244145 	0.244145 	0.244145 	0.244145 	0.244145 	0.244145 	0.244145 	0.244145 	 
-2.092006 	-2.092006 	-2.092006 	-2.092006 	-2.092006 	-2.092006 	-2.092006 	-2.092006 	-2.092006 	-2.092006 	-2.092006 	-2.092006 	 
-3.045396 	-3.045396 	-3.045396 	-3.045396 	-3.045396 	-3.045396 	-3.045396 	-3.045396 	-3.045396 	-3.045396 	-3.045396 	-3.045396 	 
-0.311789 	-0.311789 	-0.311789 	-0.311789 	-0.311789 	-0.311789 	-0.311789 	-0.311789 	-0.311789 	-0.311789 	-0.311789 	-0.311789 	 
-0.054344 	-0.054344 	-0.054344 	-0.054344 	-0.054344 	-0.054344 	-0.054344 	-0.054344 	-0.054344 	-0.054344 	-0.054344 	-0.054344 	 
0.151662 	0.151662 	0.151662 	0.151662 	0.151662 	0.151662 	0.151662 	0.151662 	0.151662 	0.151662 	0.151662 	0.151662 	 
0.138369 	0.138369 	0.138369 	0.138369 	0.138369 	0.138369 	0.138369 	0.138369 	0.138369 	0.138369 	0.138369 	0.138369 	 
0.217801 	0.217801 	0.217801 	0.217801 	0.217801 	0.217801 	0.217801 	0.217801 	0.217801 	0.217801 	0.217801 	0.217801 	 
-0.050681 	-0.050681 	-0.050681 	-0.050681 	-0.050681 	-0.050681 	-0.050681 	-0.050681 	-0.050681 	-0.050681 	-0.050681 	-0.050681 	 
0.105151 	0.105151 	0.105151 	0.105151 	0.105151 	0.105151 	0.105151 	0.105151 	0.105151 	0.105151 	0.105151 	0.105151 	 
0.215968 	0.215968 	0.215968 	0.215968 	0.215968 	0.215968 	0.215968 	0.215968 	0.215968 	0.215968 	0.215968 	0.215968 	 
0.195725 	0.195725 	0.195725 	0.195725 	0.195725 	0.195725 	0.195725 	0.195725 	0.195725 	0.195725 	0.195725 	0.195725 	 
0.215489 	0.215489 	0.215489 	0.215489 	0.215489 	0.215489 	0.215489 	0.215489 	0.215489 	0.215489 	0.215489 	0.215489 	 
-0.163848 	-0.163848 	-0.163848 	-0.163848 	-0.163848 	-0.163848 	-0.163848 	-0.163848 	-0.163848 	-0.163848 	-0.163848 	-0.163848 	 
0.131855 	0.131855 	0.131855 	0.131855 	0.131855 	0.131855 	0.131855 	0.131855 	0.131855 	0.131855 	0.131855 	0.131855 	 
0.035267 	0.035267 	0.035267 	0.035267 	0.035267 	0.035267 	0.035267 	0.035267 	0.035267 	0.035267 	0.035267 	0.035267 	 
0.176899 	0.176899 	0.176899 	0.176899 	0.176899 	0.176899 	0.176899 	0.176899 	0.176899 	0.176899 	0.176899 	0.176899 	 
0.233453 	0.233453 	0.233453 	0.233453 	0.233453 	0.233453 	0.233453 	0.233453 	0.233453 	0.233453 	0.233453 	0.233453 	 
-0.149334 	-0.149334 	-0.149334 	-0.149334 	-0.149334 	-0.149334 	-0.149334 	-0.149334 	-0.149334 	-0.149334 	-0.149334 	-0.149334 	 
0.117349 	0.117349 	0.117349 	0.117349 	0.117349 	0.117349 	0.117349 	0.117349 	0.117349 	0.117349 	0.117349 	0.117349 	 
0.182578 	0.182578 	0.182578 	0.182578 	0.182578 	0.182578 	0.182578 	0.182578 	0.182578 	0.182578 	0.182578 	0.182578 	 
0.218720 	0.218720 	0.218720 	0.218720 	0.218720 	0.218720 	0.218720 	0.218720 	0.218720 	0.218720 	0.218720 	0.218720 	 
0.236858 	0.236858 	0.236858 	0.236858 	0.236858 	0.236858 	0.236858 	0.236858 	0.236858 	0.236858 	0.236858 	0.236858 	 
0.148198 	0.148198 	0.148198 	0.148198 	0.148198 	0.148198 	0.148198 	0.148198 	0.148198 	0.148198 	0.148198 	0.148198 	 
0.224420 	0.224420 	0.224420 	0.224420 	0.224420 	0.224420 	0.224420 	0.224420 	0.224420 	0.224420 	0.224420 	0.224420 	 
0.242246 	0.242246 	0.242246 	0.242246 	0.242246 	0.242246 	0.242246 	0.242246 	0.242246 	0.242246 	0.242246 	0.242246 	 
0.245033 	0.245033 	0.245033 	0.245033 	0.245033 	0.245033 	0.245033 	0.245033 	0.245033 	0.245033 	0.245033 	0.245033 	 
-3.436316 	-3.436316 	-3.436316 	-3.436316 	-3.436316 	-3.436316 	-3.436316 	-3.436316 	-3.436316 	-3.436316 	-3.436316 	-3.436316 	 
-4.010455 	-4.010455 	-4.010455 	-4.010455 	-4.010455 	-4.010455 	-4.010455 	-4.010455 	-4.010455 	-4.010455 	-4.010455 	-4.010455 	 
-1.655535 	-1.655535 	-1.655535 	-1.655535 	-1.655535 	-1.655535 	-1.655535 	-1.655535 	-1.655535 	-1.655535 	-1.655535 	-1.655535 	 
-0.667433 	-0.667433 	-0.667433 	-0.667433 	-0.667433 	-0.667433 	-0.667433 	-0.667433 	-0.667433 	-0.667433 	-0.667433 	-0.667433 	 
-0.780145 	-0.780145 	-0.780145 	-0.780145 	-0.780145 	-0.780145 	-0.780145 	-0.780145 	-0.780145 	-0.780145 	-0.780145 	-0.780145 	 
-0.492982 	-0.492982 	-0.492982 	-0.492982 	-0.492982 	-0.492982 	-0.492982 	-0.492982 	-0.492982 	-0.492982 	-0.492982 	-0.492982 	 
-3.267476 	-3.267476 	-3.267476 	-3.267476 	-3.267476 	-3.267476 	-3.267476 	-3.267476 	-3.267476 	-3.267476 	-3.267476 	-3.267476 	 
-5.893942 	-5.893942 	-5.893942 	-5.893942 	-5.893942 	-5.893942 	-5.893942 	-5.893942 	-5.893942 	-5.893942 	-5.893942 	-5.893942 	 
-3.617598 	-3.617598 	-3.617598 	-3.617598 	-3.617598 	-3.617598 	-3.617598 	-3.617598 	-3.617598 	-3.617598 	-3.617598 	-3.617598 	 
-2.566137 	-2.566137 	-2.566137 	-2.566137 	-2.566137 	-2.566137 	-2.566137 	-2.566137 	-2.566137 	-2.566137 	-2.566137 	-2.566137 	 
-1.090962 	-1.090962 	-1.090962 	-1.090962 	-1.090962 	-1.090962 	-1.090962 	-1.090962 	-1.090962 	-1.090962 	-1.090962 	-1.090962 	 
-0.107944 	-0.107944 	-0.107944 	-0.107944 	-0.107944 	-0.107944 	-0.107944 	-0.107944 	-0.107944 	-0.107944 	-0.107944 	-0.107944 	 
0.023528 	0.023528 	0.023528 	0.023528 	0.023528 	0.023528 	0.023528 	0.023528 	0.023528 	0.023528 	0.023528 	0.023528 	 
-0.002746 	-0.002746 	-0.002746 	-0.002746 	-0.002746 	-0.002746 	-0.002746 	-0.002746 	-0.002746 	-0.002746 	-0.002746 	-0.002746 	 
-0.458809 	-0.458809 	-0.458809 	-0.458809 	-0.458809 	-0.458809 	-0.458809 	-0.458809 	-0.458809 	-0.458809 	-0.458809 	-0.458809 	 
-0.063609 	-0.063609 	-0.063609 	-0.063609 	-0.063609 	-0.063609 	-0.063609 	-0.063609 	-0.063609 	-0.063609 	-0.063609 	-0.063609 	 
0.077165 	0.077165 	0.077165 	0.077165 	0.077165 	0.077165 	0.077165 	0.077165 	0.077165 	0.077165 	0.077165 	0.077165 	 
0.201238 	0.201238 	0.201238 	0.201238 	0.201238 	0.201238 	0.201238 	0.201238 	0.201238 	0.201238 	0.201238 	0.201238 	 
0.164096 	0.164096 	0.164096 	0.164096 	0.164096 	0.164096 	0.164096 	0.164096 	0.164096 	0.164096 	0.164096 	0.164096 	 
0.208335 	0.208335 	0.208335 	0.208335 	0.208335 	0.208335 	0.208335 	0.208335 	0.208335 	0.208335 	0.208335 	0.208335 	 
0.112331 	0.112331 	0.112331 	0.112331 	0.112331 	0.112331 	0.112331 	0.112331 	0.112331 	0.112331 	0.112331 	0.112331 	 
0.190595 	0.190595 	0.190595 	0.190595 	0.190595 	0.190595 	0.190595 	0.190595 	0.190595 	0.190595 	0.190595 	0.190595 	 
-2.232249 	-2.232249 	-2.232249 	-2.232249 	-2.232249 	-2.232249 	-2.232249 	-2.232249 	-2.232249 	-2.232249 	-2.232249 	-2.232249 	 
-1.791739 	-1.791739 	-1.791739 	-1.791739 	-1.791739 	-1.791739 	-1.791739 	-1.791739 	-1.791739 	-1.791739 	-1.791739 	-1.791739 	 
-0.755240 	-0.755240 	-0.755240 	-0.755240 	-0.755240 	-0.755240 	-0.755240 	-0.755240 	-0.755240 	-0.755240 	-0.755240 	-0.755240 	 
-0.078319 	-0.078319 	-0.078319 	-0.078319 	-0.078319 	-0.078319 	-0.078319 	-0.078319 	-0.078319 	-0.078319 	-0.078319 	-0.078319 	 
-1.984682 	-1.984682 	-1.984682 	-1.984682 	-1.984682 	-1.984682 	-1.984682 	-1.984682 	-1.984682 	-1.984682 	-1.984682 	-1.984682 	 
-1.952890 	-1.952890 	-1.952890 	-1.952890 	-1.952890 	-1.952890 	-1.952890 	-1.952890 	-1.952890 	-1.952890 	-1.952890 	-1.952890 	 
-0.513604 	-0.513604 	-0.513604 	-0.513604 	-0.513604 	-0.513604 	-0.513604 	-0.513604 	-0.513604 	-0.513604 	-0.513604 	-0.513604 	 
-0.485779 	-0.485779 	-0.485779 	-0.485779 	-0.485779 	-0.485779 	-0.485779 	-0.485779 	-0.485779 	-0.485779 	-0.485779 	-0.485779 	 
0.010452 	0.010452 	0.010452 	0.010452 	0.010452 	0.010452 	0.010452 	0.010452 	0.010452 	0.010452 	0.010452 	0.010452 	 
0.200364 	0.200364 	0.200364 	0.200364 	0.200364 	0.200364 	0.200364 	0.200364 	0.200364 	0.200364 	0.200364 	0.200364 	 
0.237897 	0.237897 	0.237897 	0.237897 	0.237897 	0.237897 	0.237897 	0.237897 	0.237897 	0.237897 	0.237897 	0.237897 	 
0.244316 	0.244316 	0.244316 	0.244316 	0.244316 	0.244316 	0.244316 	0.244316 	0.244316 	0.244316 	0.244316 	0.244316 	 
-0.192848 	-0.192848 	-0.192848 	-0.192848 	-0.192848 	-0.192848 	-0.192848 	-0.192848 	-0.192848 	-0.192848 	-0.192848 	-0.192848 	 
0.049309 	0.049309 	0.049309 	0.049309 	0.049309 	0.049309 	0.049309 	0.049309 	0.049309 	0.049309 	0.049309 	0.049309 	 
0.126957 	0.126957 	0.126957 	0.126957 	0.126957 	0.126957 	0.126957 	0.126957 	0.126957 	0.126957 	0.126957 	0.126957 	 
-0.434533 	-0.434533 	-0.434533 	-0.434533 	-0.434533 	-0.434533 	-0.434533 	-0.434533 	-0.434533 	-0.434533 	-0.434533 	-0.434533 	 
-0.004275 	-0.004275 	-0.004275 	-0.004275 	-0.004275 	-0.004275 	-0.004275 	-0.004275 	-0.004275 	-0.004275 	-0.004275 	-0.004275 	 
0.196899 	0.196899 	0.196899 	0.196899 	0.196899 	0.196899 	0.196899 	0.196899 	0.196899 	0.196899 	0.196899 	0.196899 	 
0.237356 	0.237356 	0.237356 	0.237356 	0.237356 	0.237356 	0.237356 	0.237356 	0.237356 	0.237356 	0.237356 	0.237356 	 
0.244142 	0.244142 	0.244142 	0.244142 	0.244142 	0.244142 	0.244142 	0.244142 	0.244142 	0.244142 	0.244142 	0.244142 	 
0.245039 	0.245039 	0.245039 	0.245039 	0.245039 	0.245039 	0.245039 	0.245039 	0.245039 	0.245039 	0.245039 	0.245039 	 
0.245011 	0.245011 	0.245011 	0.245011 	0.245011 	0.245011 	0.245011 	0.245011 	0.245011 	0.245011 	0.245011 	0.245011 	 
-0.001430 	-0.001430 	-0.001430 	-0.001430 	-0.001430 	-0.001430 	-0.001430 	-0.001430 	-0.001430 	-0.001430 	-0.001430 	-0.001430 	 
-0.282578 	-0.282578 	-0.282578 	-0.282578 	-0.282578 	-0.282578 	-0.282578 	-0.282578 	-0.282578 	-0.282578 	-0.282578 	-0.282578 	 
0.073722 	0.073722 	0.073722 	0.073722 	0.073722 	0.073722 	0.073722 	0.073722 	0.073722 	0.073722 	0.073722 	0.073722 	 
0.155121 	0.155121 	0.155121 	0.155121 	0.155121 	0.155121 	0.155121 	0.155121 	0.155121 	0.155121 	0.155121 	0.155121 	 
-0.782049 	-0.782049 	-0.782049 	-0.782049 	-0.782049 	-0.782049 	-0.782049 	-0.782049 	-0.782049 	-0.782049 	-0.782049 	-0.782049 	 
-0.396297 	-0.396297 	-0.396297 	-0.396297 	-0.396297 	-0.396297 	-0.396297 	-0.396297 	-0.396297 	-0.396297 	-0.396297 	-0.396297 	 
0.076208 	0.076208 	0.076208 	0.076208 	0.076208 	0.076208 	0.076208 	0.076208 	0.076208 	0.076208 	0.076208 	0.076208 	 
0.177821 	0.177821 	0.177821 	0.177821 	0.177821 	0.177821 	0.177821 	0.177821 	0.177821 	0.177821 	0.177821 	0.177821 	 
0.222045 	0.222045 	0.222045 	0.222045 	0.222045 	0.222045 	0.222045 	0.222045 	0.222045 	0.222045 	0.222045 	0.222045 	 
-1.004263 	-1.004263 	-1.004263 	-1.004263 	-1.004263 	-1.004263 	-1.004263 	-1.004263 	-1.004263 	-1.004263 	-1.004263 	-1.004263 	 
-1.276842 	-1.276842 	-1.276842 	-1.276842 	-1.276842 	-1.276842 	-1.276842 	-1.276842 	-1.276842 	-1.276842 	-1.276842 	-1.276842 	 
-0.228787 	-0.228787 	-0.228787 	-0.228787 	-0.228787 	-0.228787 	-0.228787 	-0.228787 	-0.228787 	-0.228787 	-0.228787 	-0.228787 	 
0.149275 	0.149275 	0.149275 	0.149275 	0.149275 	0.149275 	0.149275 	0.149275 	0.149275 	0.149275 	0.149275 	0.149275 	 
0.226255 	0.226255 	0.226255 	0.226255 	0.226255 	0.226255 	0.226255 	0.226255 	0.226255 	0.226255 	0.226255 	0.226255 	 
0.239543 	0.239543 	0.239543 	0.239543 	0.239543 	0.239543 	0.239543 	0.239543 	0.239543 	0.239543 	0.239543 	0.239543 	 
0.235621 	0.235621 	0.235621 	0.235621 	0.235621 	0.235621 	0.235621 	0.235621 	0.235621 	0.235621 	0.235621 	0.235621 	 
0.000074 	0.000074 	0.000074 	0.000074 	0.000074 	0.000074 	0.000074 	0.000074 	0.000074 	0.000074 	0.000074 	0.000074 	 
0.160484 	0.160484 	0.160484 	0.160484 	0.160484 	0.160484 	0.160484 	0.160484 	0.160484 	0.160484 	0.160484 	0.160484 	 
0.226023 	0.226023 	0.226023 	0.226023 	0.226023 	0.226023 	0.226023 	0.226023 	0.226023 	0.226023 	0.226023 	0.226023 	 
0.183017 	0.183017 	0.183017 	0.183017 	0.183017 	0.183017 	0.183017 	0.183017 	0.183017 	0.183017 	0.183017 	0.183017 	 
-1.095988 	-1.095988 	-1.095988 	-1.095988 	-1.095988 	-1.095988 	-1.095988 	-1.095988 	-1.095988 	-1.095988 	-1.095988 	-1.095988 	 
-0.530541 	-0.530541 	-0.530541 	-0.530541 	-0.530541 	-0.530541 	-0.530541 	-0.530541 	-0.530541 	-0.530541 	-0.530541 	-0.530541 	 
-0.098149 	-0.098149 	-0.098149 	-0.098149 	-0.098149 	-0.098149 	-0.098149 	-0.098149 	-0.098149 	-0.098149 	-0.098149 	-0.098149 	 
0.101005 	0.101005 	0.101005 	0.101005 	0.101005 	0.101005 	0.101005 	0.101005 	0.101005 	0.101005 	0.101005 	0.101005 	 
0.116705 	0.116705 	0.116705 	0.116705 	0.116705 	0.116705 	0.116705 	0.116705 	0.116705 	0.116705 	0.116705 	0.116705 	 
0.208018 	0.208018 	0.208018 	0.208018 	0.208018 	0.208018 	0.208018 	0.208018 	0.208018 	0.208018 	0.208018 	0.208018 	 
0.234286 	0.234286 	0.234286 	0.234286 	0.234286 	0.234286 	0.234286 	0.234286 	0.234286 	0.234286 	0.234286 	0.234286 	 
0.121966 	0.121966 	0.121966 	0.121966 	0.121966 	0.121966 	0.121966 	0.121966 	0.121966 	0.121966 	0.121966 	0.121966 	 
-0.002291 	-0.002291 	-0.002291 	-0.002291 	-0.002291 	-0.002291 	-0.002291 	-0.002291 	-0.002291 	-0.002291 	-0.002291 	-0.002291 	 
0.165480 	0.165480 	0.165480 	0.165480 	0.165480 	0.165480 	0.165480 	0.165480 	0.165480 	0.165480 	0.165480 	0.165480 	 
-0.108468 	-0.108468 	-0.108468 	-0.108468 	-0.108468 	-0.108468 	-0.108468 	-0.108468 	-0.108468 	-0.108468 	-0.108468 	-0.108468 	 
-2.211591 	-2.211591 	-2.211591 	-2.211591 	-2.211591 	-2.211591 	-2.211591 	-2.211591 	-2.211591 	-2.211591 	-2.211591 	-2.211591 	 
-1.424447 	-1.424447 	-1.424447 	-1.424447 	-1.424447 	-1.424447 	-1.424447 	-1.424447 	-1.424447 	-1.424447 	-1.424447 	-1.424447 	 
-0.883484 	-0.883484 	-0.883484 	-0.883484 	-0.883484 	-0.883484 	-0.883484 	-0.883484 	-0.883484 	-0.883484 	-0.883484 	-0.883484 	 
-0.778739 	-0.778739 	-0.778739 	-0.778739 	-0.778739 	-0.778739 	-0.778739 	-0.778739 	-0.778739 	-0.778739 	-0.778739 	-0.778739 	 
-0.165079 	-0.165079 	-0.165079 	-0.165079 	-0.165079 	-0.165079 	-0.165079 	-0.165079 	-0.165079 	-0.165079 	-0.165079 	-0.165079 	 
0.105340 	0.105340 	0.105340 	0.105340 	0.105340 	0.105340 	0.105340 	0.105340 	0.105340 	0.105340 	0.105340 	0.105340 	 
0.007080 	0.007080 	0.007080 	0.007080 	0.007080 	0.007080 	0.007080 	0.007080 	0.007080 	0.007080 	0.007080 	0.007080 	 
0.144494 	0.144494 	0.144494 	0.144494 	0.144494 	0.144494 	0.144494 	0.144494 	0.144494 	0.144494 	0.144494 	0.144494 	 
0.212758 	0.212758 	0.212758 	0.212758 	0.212758 	0.212758 	0.212758 	0.212758 	0.212758 	0.212758 	0.212758 	0.212758 	 
0.054553 	0.054553 	0.054553 	0.054553 	0.054553 	0.054553 	0.054553 	0.054553 	0.054553 	0.054553 	0.054553 	0.054553 	 
0.151813 	0.151813 	0.151813 	0.151813 	0.151813 	0.151813 	0.151813 	0.151813 	0.151813 	0.151813 	0.151813 	0.151813 	 
-0.094272 	-0.094272 	-0.094272 	-0.094272 	-0.094272 	-0.094272 	-0.094272 	-0.094272 	-0.094272 	-0.094272 	-0.094272 	-0.094272 	 
0.086045 	0.086045 	0.086045 	0.086045 	0.086045 	0.086045 	0.086045 	0.086045 	0.086045 	0.086045 	0.086045 	0.086045 	 
0.173145 	0.173145 	0.173145 	0.173145 	0.173145 	0.173145 	0.173145 	0.173145 	0.173145 	0.173145 	0.173145 	0.173145 	 
0.195349 	0.195349 	0.195349 	0.195349 	0.195349 	0.195349 	0.195349 	0.195349 	0.195349 	0.195349 	0.195349 	0.195349 	 
0.223633 	0.223633 	0.223633 	0.223633 	0.223633 	0.223633 	0.223633 	0.223633 	0.223633 	0.223633 	0.223633 	0.223633 	 
0.178720 	0.178720 	0.178720 	0.178720 	0.178720 	0.178720 	0.178720 	0.178720 	0.178720 	0.178720 	0.178720 	0.178720 	 
0.216631 	0.216631 	0.216631 	0.216631 	0.216631 	0.216631 	0.216631 	0.216631 	0.216631 	0.216631 	0.216631 	0.216631 	 
0.132511 	0.132511 	0.132511 	0.132511 	0.132511 	0.132511 	0.132511 	0.132511 	0.132511 	0.132511 	0.132511 	0.132511 	 
-0.198178 	-0.198178 	-0.198178 	-0.198178 	-0.198178 	-0.198178 	-0.198178 	-0.198178 	-0.198178 	-0.198178 	-0.198178 	-0.198178 	 
0.021179 	0.021179 	0.021179 	0.021179 	0.021179 	0.021179 	0.021179 	0.021179 	0.021179 	0.021179 	0.021179 	0.021179 	 
0.151327 	0.151327 	0.151327 	0.151327 	0.151327 	0.151327 	0.151327 	0.151327 	0.151327 	0.151327 	0.151327 	0.151327 	 
0.182465 	0.182465 	0.182465 	0.182465 	0.182465 	0.182465 	0.182465 	0.182465 	0.182465 	0.182465 	0.182465 	0.182465 	 
-0.169954 	-0.169954 	-0.169954 	-0.169954 	-0.169954 	-0.169954 	-0.169954 	-0.169954 	-0.169954 	-0.169954 	-0.169954 	-0.169954 	 
-0.098393 	-0.098393 	-0.098393 	-0.098393 	-0.098393 	-0.098393 	-0.098393 	-0.098393 	-0.098393 	-0.098393 	-0.098393 	-0.098393 	 
0.161083 	0.161083 	0.161083 	0.161083 	0.161083 	0.161083 	0.161083 	0.161083 	0.161083 	0.161083 	0.161083 	0.161083 	 
0.221017 	0.221017 	0.221017 	0.221017 	0.221017 	0.221017 	0.221017 	0.221017 	0.221017 	0.221017 	0.221017 	0.221017 	 
0.179207 	0.179207 	0.179207 	0.179207 	0.179207 	0.179207 	0.179207 	0.179207 	0.179207 	0.179207 	0.179207 	0.179207 	 
-0.450910 	-0.450910 	-0.450910 	-0.450910 	-0.450910 	-0.450910 	-0.450910 	-0.450910 	-0.450910 	-0.450910 	-0.450910 	-0.450910 	 
-0.648183 	-0.648183 	-0.648183 	-0.648183 	-0.648183 	-0.648183 	-0.648183 	-0.648183 	-0.648183 	-0.648183 	-0.648183 	-0.648183 	 
0.014493 	0.014493 	0.014493 	0.014493 	0.014493 	0.014493 	0.014493 	0.014493 	0.014493 	0.014493 	0.014493 	0.014493 	 
0.195522 	0.195522 	0.195522 	0.195522 	0.195522 	0.195522 	0.195522 	0.195522 	0.195522 	0.195522 	0.195522 	0.195522 	 
0.227001 	0.227001 	0.227001 	0.227001 	0.227001 	0.227001 	0.227001 	0.227001 	0.227001 	0.227001 	0.227001 	0.227001 	 
0.191181 	0.191181 	0.191181 	0.191181 	0.191181 	0.191181 	0.191181 	0.191181 	0.191181 	0.191181 	0.191181 	0.191181 	 
0.104743 	0.104743 	0.104743 	0.104743 	0.104743 	0.104743 	0.104743 	0.104743 	0.104743 	0.104743 	0.104743 	0.104743 	 
-0.088343 	-0.088343 	-0.088343 	-0.088343 	-0.088343 	-0.088343 	-0.088343 	-0.088343 	-0.088343 	-0.088343 	-0.088343 	-0.088343 	 
0.111736 	0.111736 	0.111736 	0.111736 	0.111736 	0.111736 	0.111736 	0.111736 	0.111736 	0.111736 	0.111736 	0.111736 	 
0.208761 	0.208761 	0.208761 	0.208761 	0.208761 	0.208761 	0.208761 	0.208761 	0.208761 	0.208761 	0.208761 	0.208761 	 
0.227738 	0.227738 	0.227738 	0.227738 	0.227738 	0.227738 	0.227738 	0.227738 	0.227738 	0.227738 	0.227738 	0.227738 	 
0.230676 	0.230676 	0.230676 	0.230676 	0.230676 	0.230676 	0.230676 	0.230676 	0.230676 	0.230676 	0.230676 	0.230676 	 
-0.166021 	-0.166021 	-0.166021 	-0.166021 	-0.166021 	-0.166021 	-0.166021 	-0.166021 	-0.166021 	-0.166021 	-0.166021 	-0.166021 	 
-0.031616 	-0.031616 	-0.031616 	-0.031616 	-0.031616 	-0.031616 	-0.031616 	-0.031616 	-0.031616 	-0.031616 	-0.031616 	-0.031616 	 
-0.368006 	-0.368006 	-0.368006 	-0.368006 	-0.368006 	-0.368006 	-0.368006 	-0.368006 	-0.368006 	-0.368006 	-0.368006 	-0.368006 	 
-0.092402 	-0.092402 	-0.092402 	-0.092402 	-0.092402 	-0.092402 	-0.092402 	-0.092402 	-0.092402 	-0.092402 	-0.092402 	-0.092402 	 
0.179378 	0.179378 	0.179378 	0.179378 	0.179378 	0.179378 	0.179378 	0.179378 	0.179378 	0.179378 	0.179378 	0.179378 	 
0.195188 	0.195188 	0.195188 	0.195188 	0.195188 	0.195188 	0.195188 	0.195188 	0.195188 	0.195188 	0.195188 	0.195188 	 
0.209082 	0.209082 	0.209082 	0.209082 	0.209082 	0.209082 	0.209082 	0.209082 	0.209082 	0.209082 	0.209082 	0.209082 	 
0.157070 	0.157070 	0.157070 	0.157070 	0.157070 	0.157070 	0.157070 	0.157070 	0.157070 	0.157070 	0.157070 	0.157070 	 
-0.229691 	-0.229691 	-0.229691 	-0.229691 	-0.229691 	-0.229691 	-0.229691 	-0.229691 	-0.229691 	-0.229691 	-0.229691 	-0.229691 	 
-0.499680 	-0.499680 	-0.499680 	-0.499680 	-0.499680 	-0.499680 	-0.499680 	-0.499680 	-0.499680 	-0.499680 	-0.499680 	-0.499680 	 
-0.036280 	-0.036280 	-0.036280 	-0.036280 	-0.036280 	-0.036280 	-0.036280 	-0.036280 	-0.036280 	-0.036280 	-0.036280 	-0.036280 	 
0.182153 	0.182153 	0.182153 	0.182153 	0.182153 	0.182153 	0.182153 	0.182153 	0.182153 	0.182153 	0.182153 	0.182153 	 
0.221398 	0.221398 	0.221398 	0.221398 	0.221398 	0.221398 	0.221398 	0.221398 	0.221398 	0.221398 	0.221398 	0.221398 	 
0.191055 	0.191055 	0.191055 	0.191055 	0.191055 	0.191055 	0.191055 	0.191055 	0.191055 	0.191055 	0.191055 	0.191055 	 
0.197920 	0.197920 	0.197920 	0.197920 	0.197920 	0.197920 	0.197920 	0.197920 	0.197920 	0.197920 	0.197920 	0.197920 	 
0.221916 	0.221916 	0.221916 	0.221916 	0.221916 	0.221916 	0.221916 	0.221916 	0.221916 	0.221916 	0.221916 	0.221916 	 
0.226900 	0.226900 	0.226900 	0.226900 	0.226900 	0.226900 	0.226900 	0.226900 	0.226900 	0.226900 	0.226900 	0.226900 	 
0.227573 	0.227573 	0.227573 	0.227573 	0.227573 	0.227573 	0.227573 	0.227573 	0.227573 	0.227573 	0.227573 	0.227573 	 
0.227511 	0.227511 	0.227511 	0.227511 	0.227511 	0.227511 	0.227511 	0.227511 	0.227511 	0.227511 	0.227511 	0.227511 	 
-0.380449 	-0.380449 	-0.380449 	-0.380449 	-0.380449 	-0.380449 	-0.380449 	-0.380449 	-0.380449 	-0.380449 	-0.380449 	-0.380449 	 
-0.285360 	-0.285360 	-0.285360 	-0.285360 	-0.285360 	-0.285360 	-0.285360 	-0.285360 	-0.285360 	-0.285360 	-0.285360 	-0.285360 	 
0.083939 	0.083939 	0.083939 	0.083939 	0.083939 	0.083939 	0.083939 	0.083939 	0.083939 	0.083939 	0.083939 	0.083939 	 
0.192134 	0.192134 	0.192134 	0.192134 	0.192134 	0.192134 	0.192134 	0.192134 	0.192134 	0.192134 	0.192134 	0.192134 	 
-0.008399 	-0.008399 	-0.008399 	-0.008399 	-0.008399 	-0.008399 	-0.008399 	-0.008399 	-0.008399 	-0.008399 	-0.008399 	-0.008399 	 
0.055896 	0.055896 	0.055896 	0.055896 	0.055896 	0.055896 	0.055896 	0.055896 	0.055896 	0.055896 	0.055896 	0.055896 	 
0.189294 	0.189294 	0.189294 	0.189294 	0.189294 	0.189294 	0.189294 	0.189294 	0.189294 	0.189294 	0.189294 	0.189294 	 
0.217778 	0.217778 	0.217778 	0.217778 	0.217778 	0.217778 	0.217778 	0.217778 	0.217778 	0.217778 	0.217778 	0.217778 	 
0.103037 	0.103037 	0.103037 	0.103037 	0.103037 	0.103037 	0.103037 	0.103037 	0.103037 	0.103037 	0.103037 	0.103037 	 
0.100333 	0.100333 	0.100333 	0.100333 	0.100333 	0.100333 	0.100333 	0.100333 	0.100333 	0.100333 	0.100333 	0.100333 	 
0.159602 	0.159602 	0.159602 	0.159602 	0.159602 	0.159602 	0.159602 	0.159602 	0.159602 	0.159602 	0.159602 	0.159602 	 
0.196741 	0.196741 	0.196741 	0.196741 	0.196741 	0.196741 	0.196741 	0.196741 	0.196741 	0.196741 	0.196741 	0.196741 	 
0.196814 	0.196814 	0.196814 	0.196814 	0.196814 	0.196814 	0.196814 	0.196814 	0.196814 	0.196814 	0.196814 	0.196814 	 
-0.051924 	-0.051924 	-0.051924 	-0.051924 	-0.051924 	-0.051924 	-0.051924 	-0.051924 	-0.051924 	-0.051924 	-0.051924 	-0.051924 	 
-0.078840 	-0.078840 	-0.078840 	-0.078840 	-0.078840 	-0.078840 	-0.078840 	-0.078840 	-0.078840 	-0.078840 	-0.078840 	-0.078840 	 
0.135485 	0.135485 	0.135485 	0.135485 	0.135485 	0.135485 	0.135485 	0.135485 	0.135485 	0.135485 	0.135485 	0.135485 	 
0.205280 	0.205280 	0.205280 	0.205280 	0.205280 	0.205280 	0.205280 	0.205280 	0.205280 	0.205280 	0.205280 	0.205280 	 
0.220521 	0.220521 	0.220521 	0.220521 	0.220521 	0.220521 	0.220521 	0.220521 	0.220521 	0.220521 	0.220521 	0.220521 	 
0.223230 	0.223230 	0.223230 	0.223230 	0.223230 	0.223230 	0.223230 	0.223230 	0.223230 	0.223230 	0.223230 	0.223230 	 
0.223535 	0.223535 	0.223535 	0.223535 	0.223535 	0.223535 	0.223535 	0.223535 	0.223535 	0.223535 	0.223535 	0.223535 	 
-0.956575 	-0.956575 	-0.956575 	-0.956575 	-0.956575 	-0.956575 	-0.956575 	-0.956575 	-0.956575 	-0.956575 	-0.956575 	-0.956575 	 
-1.080842 	-1.080842 	-1.080842 	-1.080842 	-1.080842 	-1.080842 	-1.080842 	-1.080842 	-1.080842 	-1.080842 	-1.080842 	-1.080842 	 
-0.149499 	-0.149499 	-0.149499 	-0.149499 	-0.149499 	-0.149499 	-0.149499 	-0.149499 	-0.149499 	-0.149499 	-0.149499 	-0.149499 	 
0.050480 	0.050480 	0.050480 	0.050480 	0.050480 	0.050480 	0.050480 	0.050480 	0.050480 	0.050480 	0.050480 	0.050480 	 
0.130909 	0.130909 	0.130909 	0.130909 	0.130909 	0.130909 	0.130909 	0.130909 	0.130909 	0.130909 	0.130909 	0.130909 	 
0.084227 	0.084227 	0.084227 	0.084227 	0.084227 	0.084227 	0.084227 	0.084227 	0.084227 	0.084227 	0.084227 	0.084227 	 
0.013293 	0.013293 	0.013293 	0.013293 	0.013293 	0.013293 	0.013293 	0.013293 	0.013293 	0.013293 	0.013293 	0.013293 	 
0.161475 	0.161475 	0.161475 	0.161475 	0.161475 	0.161475 	0.161475 	0.161475 	0.161475 	0.161475 	0.161475 	0.161475 	 
0.209916 	0.209916 	0.209916 	0.209916 	0.209916 	0.209916 	0.209916 	0.209916 	0.209916 	0.209916 	0.209916 	0.209916 	 
0.219643 	0.219643 	0.219643 	0.219643 	0.219643 	0.219643 	0.219643 	0.219643 	0.219643 	0.219643 	0.219643 	0.219643 	 
0.195420 	0.195420 	0.195420 	0.195420 	0.195420 	0.195420 	0.195420 	0.195420 	0.195420 	0.195420 	0.195420 	0.195420 	 
0.189370 	0.189370 	0.189370 	0.189370 	0.189370 	0.189370 	0.189370 	0.189370 	0.189370 	0.189370 	0.189370 	0.189370 	 
0.144101 	0.144101 	0.144101 	0.144101 	0.144101 	0.144101 	0.144101 	0.144101 	0.144101 	0.144101 	0.144101 	0.144101 	 
0.145589 	0.145589 	0.145589 	0.145589 	0.145589 	0.145589 	0.145589 	0.145589 	0.145589 	0.145589 	0.145589 	0.145589 	 
0.205994 	0.205994 	0.205994 	0.205994 	0.205994 	0.205994 	0.205994 	0.205994 	0.205994 	0.205994 	0.205994 	0.205994 	 
0.218299 	0.218299 	0.218299 	0.218299 	0.218299 	0.218299 	0.218299 	0.218299 	0.218299 	0.218299 	0.218299 	0.218299 	 
0.218825 	0.218825 	0.218825 	0.218825 	0.218825 	0.218825 	0.218825 	0.218825 	0.218825 	0.218825 	0.218825 	0.218825 	 
0.150961 	0.150961 	0.150961 	0.150961 	0.150961 	0.150961 	0.150961 	0.150961 	0.150961 	0.150961 	0.150961 	0.150961 	 
0.099979 	0.099979 	0.099979 	0.099979 	0.099979 	0.099979 	0.099979 	0.099979 	0.099979 	0.099979 	0.099979 	0.099979 	 
-0.244035 	-0.244035 	-0.244035 	-0.244035 	-0.244035 	-0.244035 	-0.244035 	-0.244035 	-0.244035 	-0.244035 	-0.244035 	-0.244035 	 
-0.737019 	-0.737019 	-0.737019 	-0.737019 	-0.737019 	-0.737019 	-0.737019 	-0.737019 	-0.737019 	-0.737019 	-0.737019 	-0.737019 	 
-0.287759 	-0.287759 	-0.287759 	-0.287759 	-0.287759 	-0.287759 	-0.287759 	-0.287759 	-0.287759 	-0.287759 	-0.287759 	-0.287759 	 
0.008698 	0.008698 	0.008698 	0.008698 	0.008698 	0.008698 	0.008698 	0.008698 	0.008698 	0.008698 	0.008698 	0.008698 	 
0.007632 	0.007632 	0.007632 	0.007632 	0.007632 	0.007632 	0.007632 	0.007632 	0.007632 	0.007632 	0.007632 	0.007632 	 
0.088808 	0.088808 	0.088808 	0.088808 	0.088808 	0.088808 	0.088808 	0.088808 	0.088808 	0.088808 	0.088808 	0.088808 	 
0.144660 	0.144660 	0.144660 	0.144660 	0.144660 	0.144660 	0.144660 	0.144660 	0.144660 	0.144660 	0.144660 	0.144660 	 
0.183834 	0.183834 	0.183834 	0.183834 	0.183834 	0.183834 	0.183834 	0.183834 	0.183834 	0.183834 	0.183834 	0.183834 	 
0.180287 	0.180287 	0.180287 	0.180287 	0.180287 	0.180287 	0.180287 	0.180287 	0.180287 	0.180287 	0.180287 	0.180287 	 
-0.605018 	-0.605018 	-0.605018 	-0.605018 	-0.605018 	-0.605018 	-0.605018 	-0.605018 	-0.605018 	-0.605018 	-0.605018 	-0.605018 	 
-1.872118 	-1.872118 	-1.872118 	-1.872118 	-1.872118 	-1.872118 	-1.872118 	-1.872118 	-1.872118 	-1.872118 	-1.872118 	-1.872118 	 
-0.810401 	-0.810401 	-0.810401 	-0.810401 	-0.810401 	-0.810401 	-0.810401 	-0.810401 	-0.810401 	-0.810401 	-0.810401 	-0.810401 	 
-0.068077 	-0.068077 	-0.068077 	-0.068077 	-0.068077 	-0.068077 	-0.068077 	-0.068077 	-0.068077 	-0.068077 	-0.068077 	-0.068077 	 
0.120677 	0.120677 	0.120677 	0.120677 	0.120677 	0.120677 	0.120677 	0.120677 	0.120677 	0.120677 	0.120677 	0.120677 	 
0.189889 	0.189889 	0.189889 	0.189889 	0.189889 	0.189889 	0.189889 	0.189889 	0.189889 	0.189889 	0.189889 	0.189889 	 
0.213251 	0.213251 	0.213251 	0.213251 	0.213251 	0.213251 	0.213251 	0.213251 	0.213251 	0.213251 	0.213251 	0.213251 	 
0.215427 	0.215427 	0.215427 	0.215427 	0.215427 	0.215427 	0.215427 	0.215427 	0.215427 	0.215427 	0.215427 	0.215427 	 
0.219695 	0.219695 	0.219695 	0.219695 	0.219695 	0.219695 	0.219695 	0.219695 	0.219695 	0.219695 	0.219695 	0.219695 	 
0.220780 	0.220780 	0.220780 	0.220780 	0.220780 	0.220780 	0.220780 	0.220780 	0.220780 	0.220780 	0.220780 	0.220780 	 
0.215175 	0.215175 	0.215175 	0.215175 	0.215175 	0.215175 	0.215175 	0.215175 	0.215175 	0.215175 	0.215175 	0.215175 	 
0.222200 	0.222200 	0.222200 	0.222200 	0.222200 	0.222200 	0.222200 	0.222200 	0.222200 	0.222200 	0.222200 	0.222200 	 
0.205353 	0.205353 	0.205353 	0.205353 	0.205353 	0.205353 	0.205353 	0.205353 	0.205353 	0.205353 	0.205353 	0.205353 	 
0.216896 	0.216896 	0.216896 	0.216896 	0.216896 	0.216896 	0.216896 	0.216896 	0.216896 	0.216896 	0.216896 	0.216896 	 
0.189711 	0.189711 	0.189711 	0.189711 	0.189711 	0.189711 	0.189711 	0.189711 	0.189711 	0.189711 	0.189711 	0.189711 	 
0.171699 	0.171699 	0.171699 	0.171699 	0.171699 	0.171699 	0.171699 	0.171699 	0.171699 	0.171699 	0.171699 	0.171699 	 
0.158919 	0.158919 	0.158919 	0.158919 	0.158919 	0.158919 	0.158919 	0.158919 	0.158919 	0.158919 	0.158919 	0.158919 	 
0.176013 	0.176013 	0.176013 	0.176013 	0.176013 	0.176013 	0.176013 	0.176013 	0.176013 	0.176013 	0.176013 	0.176013 	 
0.146565 	0.146565 	0.146565 	0.146565 	0.146565 	0.146565 	0.146565 	0.146565 	0.146565 	0.146565 	0.146565 	0.146565 	 
0.181680 	0.181680 	0.181680 	0.181680 	0.181680 	0.181680 	0.181680 	0.181680 	0.181680 	0.181680 	0.181680 	0.181680 	 
0.140708 	0.140708 	0.140708 	0.140708 	0.140708 	0.140708 	0.140708 	0.140708 	0.140708 	0.140708 	0.140708 	0.140708 	 
0.179469 	0.179469 	0.179469 	0.179469 	0.179469 	0.179469 	0.179469 	0.179469 	0.179469 	0.179469 	0.179469 	0.179469 	 
0.203357 	0.203357 	0.203357 	0.203357 	0.203357 	0.203357 	0.203357 	0.203357 	0.203357 	0.203357 	0.203357 	0.203357 	 
0.184336 	0.184336 	0.184336 	0.184336 	0.184336 	0.184336 	0.184336 	0.184336 	0.184336 	0.184336 	0.184336 	0.184336 	 
0.153911 	0.153911 	0.153911 	0.153911 	0.153911 	0.153911 	0.153911 	0.153911 	0.153911 	0.153911 	0.153911 	0.153911 	 
0.172762 	0.172762 	0.172762 	0.172762 	0.172762 	0.172762 	0.172762 	0.172762 	0.172762 	0.172762 	0.172762 	0.172762 	 
0.198168 	0.198168 	0.198168 	0.198168 	0.198168 	0.198168 	0.198168 	0.198168 	0.198168 	0.198168 	0.198168 	0.198168 	 
0.180275 	0.180275 	0.180275 	0.180275 	0.180275 	0.180275 	0.180275 	0.180275 	0.180275 	0.180275 	0.180275 	0.180275 	 
0.108443 	0.108443 	0.108443 	0.108443 	0.108443 	0.108443 	0.108443 	0.108443 	0.108443 	0.108443 	0.108443 	0.108443 	 
0.074220 	0.074220 	0.074220 	0.074220 	0.074220 	0.074220 	0.074220 	0.074220 	0.074220 	0.074220 	0.074220 	0.074220 	 
0.132409 	0.132409 	0.132409 	0.132409 	0.132409 	0.132409 	0.132409 	0.132409 	0.132409 	0.132409 	0.132409 	0.132409 	 
0.171705 	0.171705 	0.171705 	0.171705 	0.171705 	0.171705 	0.171705 	0.171705 	0.171705 	0.171705 	0.171705 	0.171705 	 
0.264979 	0.264979 	0.264979 	0.264979 	0.264979 	0.264979 	0.264979 	0.264979 	0.264979 	0.264979 	0.264979 	0.264979 	 
0.237954 	0.237954 	0.237954 	0.237954 	0.237954 	0.237954 	0.237954 	0.237954 	0.237954 	0.237954 	0.237954 	0.237954 	 
