0.0736213936942088 
0.0552751046317088 
0.0251971749442088 
-0.0109805838448536 
-0.0453954764229786 
-0.0698727957589161 
-0.0774546805245411 
-0.0583127615792286 
-0.0069556326729786 
0.0435434640067088 
0.0684263985770213 
0.0622797677176463 
0.0401893380301463 
0.0068508858817088 
-0.0299040945870411 
-0.0597480154854786 
-0.0738665457589161 
-0.0606840506417286 
-0.0045219412667286 
0.0616245431082713 
0.0932937325613963 
0.0857430489676463 
0.0628101876395213 
0.0268664376395213 
-0.0138822928292286 
-0.0496076346261036 
-0.0707620291573536 
-0.0669554861886036 
-0.0223222098214161 
0.0490816720145213 
0.0918584786551463 
0.0917024727957713 
0.0674123604910838 
0.0305481759207713 
-0.0129774588448536 
-0.0496700369698536 
-0.0689679617745411 
-0.0552706473214161 
0.0133407296317088 
0.0934809395926463 
0.1206571602957713 
0.1065542306082713 
0.0883795479910838 
0.0575995919363963 
0.0217338448660838 
-0.0161599783761036 
-0.0500288504464161 
-0.0750677908761036 
-0.0872986502511036 
-0.0847713553292286 
-0.0665654715401661 
-0.0366903494698536 
-0.0085468924386036 
0.0086137520926463 
0.0108914376395213 
0.0023423165457713 
-0.0121350272042286 
-0.0321817801339161 
-0.0538353934151661 
-0.0733517264229786 
-0.0867682303292286 
-0.0914640066964161 
-0.0861910086495411 
-0.0705124197823536 
-0.0496076346261036 
-0.0306373221261036 
-0.0190304861886036 
-0.0172832205636036 
-0.0246310965401661 
-0.0380319998604786 
-0.0553486502511036 
-0.0719476736886036 
-0.0833673025948536 
-0.0857697928292286 
-0.0741473563057911 
-0.0442098318917286 
-0.0108245779854786 
0.0135747384207713 
0.0209850167410838 
0.0119522774832713 
-0.0077824637276661 
-0.0343346609932911 
-0.0594516043526661 
-0.0750209891182911 
-0.0724780936104786 
-0.0391240408761036 
0.0198929757254588 
0.0638242257254588 
0.0756494698660838 
0.0619677559988963 
0.0395341134207713 
0.0067416817801463 
-0.0281100272042286 
-0.0584375662667286 
-0.0769710623604786 
-0.0782191092354786 
-0.0658478445870411 
-0.0535077811104786 
-0.0411365164620411 
-0.0287652518136036 
0.022764534 
0.015851508 
0.009206082 
-0.0075757 
-0.031116514 
-0.051474423 
-0.057286471 
-0.036991566 
0.001502773 
0.03751102 
0.046417955 
0.034732064 
0.022390675 
0.000853874 
-0.005984328 
-0.021572973 
-0.037303492 
-0.051754721 
-0.02534538 
0.010112971 
0.057132154 
0.055116644 
0.047661569 
0.025354445 
0.001304923 
-0.032082211 
-0.039056845 
-0.037494375 
-0.054261158 
-0.048501678 
-0.014013813 
0.018751764 
0.014675779 
0.009011997 
0.017078325 
0.004460558 
-0.028703851 
-0.043034635 
-0.050829107 
-0.051531654 
-0.050516548 
-0.012305071 
0.028247109 
0.038199668 
0.036934567 
0.019686004 
-0.001071081 
-0.033802122 
-0.026491602 
-0.042753867 
-0.045430714 
-0.058086507 
-0.054441954 
-0.027970623 
0.004944309 
0.002713635 
0.013977514 
0.009228653 
0.005821565 
-0.007041689 
-0.033246913 
-0.052358015 
-0.054660628 
-0.057256727 
-0.046596355 
0.005602179 
0.024129875 
0.073102966 
0.0561609 
0.017015269 
-0.016762329 
-0.028904778 
-0.046527713 
-0.050681401 
-0.039712027 
-0.012538524 
0.011526384 
0.033406185 
0.029398483 
0.005541273 
-0.004554742 
-0.025775129 
-0.039075984 
-0.047039113 
-0.040291411 
-0.008413943 
0.05754454 
0.07756157 
0.066174681 
0.050182927 
0.031110925 
0.015436618 
-0.011554789 
-0.034868262 
-0.036550053 
0.00197904 
0.043115348 
0.075411767 
0.090188255 
0.072068668 
0.034334911 
0.006508723 
-0.016877884 
-0.032801291 
-0.042114585 
-0.021678672 
0.048078139 
0.106573959 
0.102865678 
0.063413634 
0.043658868 
-0.005878997 
-0.029144044 
-0.036732639 
-0.039272014 
-0.034838172 
-0.009762261 
0.017079338 
0.024130003 
0.03281285 
0.031834201 
-0.005628234 
0.004960506 
-0.024030856 
-0.033781094 
-0.041644986 
-0.044465645 
-0.02232616 
0.026816113 
0.073483534 
0.076827632 
0.082903467 
0.026342154 
0.026578898 
-0.02567994 
-0.044507843 
-0.04373961 
-0.026484807 
0.012851632 
0.07685668 
0.066400612 
0.05271223 
0.035751545 
0.001471956 
-0.026552295 
-0.037402097 
-0.047152654 
-0.03151871 
0.012774175 
0.047493557 
0.083449697 
0.061430778 
0.075387148 
0.011305027 
-0.01692784 
-0.043584673 
-0.04703501 
-0.055663159 
-0.052082951 
-0.052809107 
-0.0337681 
0.000473006 
0.021188185 
0.026933096 
0.036695087 
0.044280947 
-0.017718142 
-0.039942385 
-0.043658658 
-0.044559432 
-0.035945807 
-0.014598998 
0.048434208 
0.108236511 
0.122853708 
0.120949022 
0.050331624 
-0.001205532 
-0.01071885 
-0.037584089 
-0.046433896 
-0.059345069 
-0.055303151 
-0.038003809 
-0.009404131 
0.008984386 
0.0107291 
0.017494271 
0.023141811 
-0.030346913 
-0.052429574 
-0.056973651 
-0.059563135 
-0.052805517 
-0.040681693 
-0.003581266 
0.014279354 
0.013200477 
0.021695033 
0.013456882 
-0.011520725 
-0.014439744 
-0.036947058 
-0.043761494 
-0.050309936 
-0.046892211 
-0.007044613 
0.032483955 
0.036685898 
0.030373687 
0.014257475 
-0.012749452 
-0.028505574 
-0.029614626 
-0.042736239 
-0.047627917 
-0.056494478 
-0.042231782 
-0.024181133 
0.007949405 
0.014898675 
0.023255717 
0.023100151 
-0.004697114 
-0.001119023 
-0.027021894 
-0.040687064 
-0.045593088 
-0.051830031 
-0.01917262 
0.027187462 
0.054600243 
0.074245228 
0.039418779 
-0.006520545 
-0.021471505 
-0.041568051 
-0.05501939 
-0.054031532 
-0.047975661 
-0.03505906 
0.010910268 
0.016373315 
0.022882756 
0.038928835 
0.018803652 
-0.04014343 
-0.055109958 
-0.056878937 
-0.060717664 
-0.042802891 
-0.010930168 
0.026898347 
0.008119045 
0.015471294 
0.009134879 
-0.004018082 
-0.033932612 
-0.045150664 
-0.054496877 
-0.054335015 
-0.047043772 
-0.030473625 
-0.000905701 
0.004081315 
0.011941659 
0.023432623 
-0.011544617 
-0.044828189 
-0.056928346 
-0.058953517 
-0.059570059 
-0.039721156 
-0.003909391 
0.020724643 
0.007650045 
0.015104817 
0.007526266 
-0.008981132 
-0.039587846 
-0.046461122 
-0.052731104 
-0.043416357 
-0.021558825 
0.009541263 
0.016279007 
0.023425633 
0.024566252 
-0.009796026 
-0.004809139 
-0.033571193 
-0.04520551 
-0.052024675 
-0.056733317 
-0.047456269 
-0.034682252 
-0.035174504 
-0.039273569 
-0.037946135 
-0.03806369 
-0.05014645 
-0.055107052 
-0.057267205 
-0.057961532 
-0.054490722 
-0.044142405 
-0.019825415 
0.011385082 
0.023506267 
0.03460307 
0.036060956 
-0.00595576 
0.005888204 
-0.025157175 
-0.035717041 
-0.043797653 
-0.0422776 
-0.021662088 
0.030595679 
0.088919139 
0.077447964 
0.08098639 
0.033032056 
0.034897985 
0.010476871 
-0.022148869 
-0.034448023 
-0.030391578 
-0.015912354 
0.019007271 
0.042541039 
0.049611774 
0.051224618 
0.023647783 
0.014964574 
-0.003959655 
-0.028457533 
-0.038385917 
-0.035320036 
-0.029403612 
-0.001745269 
0.028242818 
0.023820251 
0.029879085 
0.027483903 
-0.008156512 
0.00126662 
-0.027663783 
-0.035466342 
-0.041916308 
-0.044236606 
-0.018197989 
0.026744435 
0.07881979 
0.078309986 
0.082005087 
0.021519222 
0.016093424 
-0.031358894 
-0.047122843 
-0.048691193 
-0.049061162 
-0.034646611 
-0.023588526 
-0.028289687 
-0.036891466 
-0.046252637 
-0.050620794 
-0.05410481 
-0.053256951 
-0.056121627 
-0.056108182 
-0.058364754 
-0.058204003 
-0.056737382 
-0.046611486 
-0.035618715 
-0.033248323 
-0.022673886 
-0.031223752 
-0.026928205 
-0.033354108 
-0.049357836 
-0.057845746 
-0.057755219 
-0.059692214 
-0.050557802 
-0.018048052 
0.019109124 
0.011835575 
0.010833701 
0.015706059 
0.002041997 
-0.031158229 
-0.044391308 
-0.054549748 
-0.054336169 
-0.048066828 
-0.000203927 
0.035377244 
0.038971106 
0.032130912 
0.013503319 
-0.018674256 
-0.0322866 
-0.038599153 
-0.04957569 
-0.055606484 
-0.060861189 
-0.054823207 
-0.046771761 
-0.040253371 
-0.04114239 
-0.04363156 
-0.041528046 
-0.052879417 
-0.05982843 
-0.062122187 
-0.063255144 
-0.063645958 
-0.062982441 
-0.058118521 
-0.049135932 
-0.044709753 
-0.044314182 
-0.040410018 
-0.041114546 
-0.056059714 
-0.062425607 
-0.064326913 
-0.064981012 
-0.064174326 
-0.059429611 
-0.056537904 
-0.054265243 
-0.057017803 
-0.054350744 
-0.057799799 
-0.055866008 
-0.060294097 
-0.063682074 
-0.06363929 
-0.064236575 
-0.062643075 
-0.04939228 
-0.033119244 
-0.002429014 
0.009488307 
0.013968667 
0.023702449 
0.0 
0.0 
0.0 
0.0 
0.0 
0.0 
0.0 
0.0 
0.0 
0.0 
0.0 
0.0 
0.0 
0.0 
0.0 
0.0 
0.0 
0.0 
0.0 
0.0 
0.0 
0.0 
0.0 
0.0 
0.0 
0.0 
0.0 
0.0 
0.0 
0.0 
0.0 
0.0 
0.0 
0.0 
0.0 
0.0 
0.0 
0.0 
0.0 
0.0 
0.0 
0.0 
0.0 
0.0 
0.0 
0.0 
0.0 
0.0 
0.0 
0.0 
0.0 
0.0 
0.0 
0.0 
0.0 
0.0 
0.0 
0.0 
0.0 
0.0 
0.0 
0.0 
0.0 
0.0 
0.0 
0.0 
0.0 
0.0 
0.0 
0.0 
0.0 
0.0 
0.0 
0.0 
0.0 
0.0 
0.0 
0.0 
0.0 
0.0 
0.0 
0.0 
0.0 
0.0 
0.0 
0.0 
0.0 
0.0 
0.0 
0.0 
0.0 
0.0 
0.0 
0.0 
0.0 
0.0 
0.0 
0.0 
0.0 
0.0 
0.0 
0.0 
0.0 
0.0 
0.0 
0.0 
0.0 
0.0 
0.0 
0.0 
0.0 
0.0 
0.0 
0.0 
0.0 
0.0 
0.0 
0.0 
0.0 
0.0 
0.0 
0.0 
0.0 
0.0 
0.0 
0.0 
0.0 
0.0 
0.0 
0.0 
0.0 
0.0 
0.0 
0.0 
0.0 
0.0 
0.0 
0.0 
0.0 
0.0 
0.0 
0.0 
0.0 
0.0 
0.0 
0.0 
0.0 
0.0 
0.0 
0.0 
0.0 
0.0 
0.0 
0.0 
0.0 
0.0 
0.0 
0.0 
0.0 
0.0 
0.0 
0.0 
0.0 
0.0 
0.0 
0.0 
0.0 
0.0 
0.0 
0.0 
0.0 
0.0 
0.0 
0.0 
0.0 
0.0 
0.0 
0.0 
0.0 
0.0 
0.0 
0.0 
0.0 
0.0 
0.0 
0.0 
0.0 
0.0 
0.0 
0.0 
0.0 
0.0 
0.0 
0.0 
0.0 
0.0 
0.0 
0.0 
0.0 
0.0 
0.0 
