0.200568 	0.200568 	0.200568 	0.200568 	0.200568 	0.200568 	0.200568 	0.200568 	0.200568 	0.200568 	0.200568 	0.200568 	 
0.209059 	0.209059 	0.209059 	0.209059 	0.209059 	0.209059 	0.209059 	0.209059 	0.209059 	0.209059 	0.209059 	0.209059 	 
0.206380 	0.206380 	0.206380 	0.206380 	0.206380 	0.206380 	0.206380 	0.206380 	0.206380 	0.206380 	0.206380 	0.206380 	 
0.061907 	0.061907 	0.061907 	0.061907 	0.061907 	0.061907 	0.061907 	0.061907 	0.061907 	0.061907 	0.061907 	0.061907 	 
-0.062075 	-0.062075 	-0.062075 	-0.062075 	-0.062075 	-0.062075 	-0.062075 	-0.062075 	-0.062075 	-0.062075 	-0.062075 	-0.062075 	 
0.074108 	0.074108 	0.074108 	0.074108 	0.074108 	0.074108 	0.074108 	0.074108 	0.074108 	0.074108 	0.074108 	0.074108 	 
-0.065059 	-0.065059 	-0.065059 	-0.065059 	-0.065059 	-0.065059 	-0.065059 	-0.065059 	-0.065059 	-0.065059 	-0.065059 	-0.065059 	 
0.159504 	0.159504 	0.159504 	0.159504 	0.159504 	0.159504 	0.159504 	0.159504 	0.159504 	0.159504 	0.159504 	0.159504 	 
0.203179 	0.203179 	0.203179 	0.203179 	0.203179 	0.203179 	0.203179 	0.203179 	0.203179 	0.203179 	0.203179 	0.203179 	 
0.206346 	0.206346 	0.206346 	0.206346 	0.206346 	0.206346 	0.206346 	0.206346 	0.206346 	0.206346 	0.206346 	0.206346 	 
0.052273 	0.052273 	0.052273 	0.052273 	0.052273 	0.052273 	0.052273 	0.052273 	0.052273 	0.052273 	0.052273 	0.052273 	 
-1.264198 	-1.264198 	-1.264198 	-1.264198 	-1.264198 	-1.264198 	-1.264198 	-1.264198 	-1.264198 	-1.264198 	-1.264198 	-1.264198 	 
-0.568931 	-0.568931 	-0.568931 	-0.568931 	-0.568931 	-0.568931 	-0.568931 	-0.568931 	-0.568931 	-0.568931 	-0.568931 	-0.568931 	 
-0.003458 	-0.003458 	-0.003458 	-0.003458 	-0.003458 	-0.003458 	-0.003458 	-0.003458 	-0.003458 	-0.003458 	-0.003458 	-0.003458 	 
0.163517 	0.163517 	0.163517 	0.163517 	0.163517 	0.163517 	0.163517 	0.163517 	0.163517 	0.163517 	0.163517 	0.163517 	 
0.202690 	0.202690 	0.202690 	0.202690 	0.202690 	0.202690 	0.202690 	0.202690 	0.202690 	0.202690 	0.202690 	0.202690 	 
-0.280062 	-0.280062 	-0.280062 	-0.280062 	-0.280062 	-0.280062 	-0.280062 	-0.280062 	-0.280062 	-0.280062 	-0.280062 	-0.280062 	 
-0.029642 	-0.029642 	-0.029642 	-0.029642 	-0.029642 	-0.029642 	-0.029642 	-0.029642 	-0.029642 	-0.029642 	-0.029642 	-0.029642 	 
0.164193 	0.164193 	0.164193 	0.164193 	0.164193 	0.164193 	0.164193 	0.164193 	0.164193 	0.164193 	0.164193 	0.164193 	 
0.042504 	0.042504 	0.042504 	0.042504 	0.042504 	0.042504 	0.042504 	0.042504 	0.042504 	0.042504 	0.042504 	0.042504 	 
0.159594 	0.159594 	0.159594 	0.159594 	0.159594 	0.159594 	0.159594 	0.159594 	0.159594 	0.159594 	0.159594 	0.159594 	 
0.202852 	0.202852 	0.202852 	0.202852 	0.202852 	0.202852 	0.202852 	0.202852 	0.202852 	0.202852 	0.202852 	0.202852 	 
0.209624 	0.209624 	0.209624 	0.209624 	0.209624 	0.209624 	0.209624 	0.209624 	0.209624 	0.209624 	0.209624 	0.209624 	 
0.210632 	0.210632 	0.210632 	0.210632 	0.210632 	0.210632 	0.210632 	0.210632 	0.210632 	0.210632 	0.210632 	0.210632 	 
0.210775 	0.210775 	0.210775 	0.210775 	0.210775 	0.210775 	0.210775 	0.210775 	0.210775 	0.210775 	0.210775 	0.210775 	 
0.210793 	0.210793 	0.210793 	0.210793 	0.210793 	0.210793 	0.210793 	0.210793 	0.210793 	0.210793 	0.210793 	0.210793 	 
0.210794 	0.210794 	0.210794 	0.210794 	0.210794 	0.210794 	0.210794 	0.210794 	0.210794 	0.210794 	0.210794 	0.210794 	 
0.210793 	0.210793 	0.210793 	0.210793 	0.210793 	0.210793 	0.210793 	0.210793 	0.210793 	0.210793 	0.210793 	0.210793 	 
0.207605 	0.207605 	0.207605 	0.207605 	0.207605 	0.207605 	0.207605 	0.207605 	0.207605 	0.207605 	0.207605 	0.207605 	 
0.137116 	0.137116 	0.137116 	0.137116 	0.137116 	0.137116 	0.137116 	0.137116 	0.137116 	0.137116 	0.137116 	0.137116 	 
0.188025 	0.188025 	0.188025 	0.188025 	0.188025 	0.188025 	0.188025 	0.188025 	0.188025 	0.188025 	0.188025 	0.188025 	 
0.207199 	0.207199 	0.207199 	0.207199 	0.207199 	0.207199 	0.207199 	0.207199 	0.207199 	0.207199 	0.207199 	0.207199 	 
0.210273 	0.210273 	0.210273 	0.210273 	0.210273 	0.210273 	0.210273 	0.210273 	0.210273 	0.210273 	0.210273 	0.210273 	 
-2.119631 	-2.119631 	-2.119631 	-2.119631 	-2.119631 	-2.119631 	-2.119631 	-2.119631 	-2.119631 	-2.119631 	-2.119631 	-2.119631 	 
-3.088960 	-3.088960 	-3.088960 	-3.088960 	-3.088960 	-3.088960 	-3.088960 	-3.088960 	-3.088960 	-3.088960 	-3.088960 	-3.088960 	 
-0.345093 	-0.345093 	-0.345093 	-0.345093 	-0.345093 	-0.345093 	-0.345093 	-0.345093 	-0.345093 	-0.345093 	-0.345093 	-0.345093 	 
-0.003920 	-0.003920 	-0.003920 	-0.003920 	-0.003920 	-0.003920 	-0.003920 	-0.003920 	-0.003920 	-0.003920 	-0.003920 	-0.003920 	 
0.034312 	0.034312 	0.034312 	0.034312 	0.034312 	0.034312 	0.034312 	0.034312 	0.034312 	0.034312 	0.034312 	0.034312 	 
0.119514 	0.119514 	0.119514 	0.119514 	0.119514 	0.119514 	0.119514 	0.119514 	0.119514 	0.119514 	0.119514 	0.119514 	 
0.188451 	0.188451 	0.188451 	0.188451 	0.188451 	0.188451 	0.188451 	0.188451 	0.188451 	0.188451 	0.188451 	0.188451 	 
-0.029485 	-0.029485 	-0.029485 	-0.029485 	-0.029485 	-0.029485 	-0.029485 	-0.029485 	-0.029485 	-0.029485 	-0.029485 	-0.029485 	 
0.120796 	0.120796 	0.120796 	0.120796 	0.120796 	0.120796 	0.120796 	0.120796 	0.120796 	0.120796 	0.120796 	0.120796 	 
0.193203 	0.193203 	0.193203 	0.193203 	0.193203 	0.193203 	0.193203 	0.193203 	0.193203 	0.193203 	0.193203 	0.193203 	 
0.190092 	0.190092 	0.190092 	0.190092 	0.190092 	0.190092 	0.190092 	0.190092 	0.190092 	0.190092 	0.190092 	0.190092 	 
0.194242 	0.194242 	0.194242 	0.194242 	0.194242 	0.194242 	0.194242 	0.194242 	0.194242 	0.194242 	0.194242 	0.194242 	 
-0.183265 	-0.183265 	-0.183265 	-0.183265 	-0.183265 	-0.183265 	-0.183265 	-0.183265 	-0.183265 	-0.183265 	-0.183265 	-0.183265 	 
-0.018370 	-0.018370 	-0.018370 	-0.018370 	-0.018370 	-0.018370 	-0.018370 	-0.018370 	-0.018370 	-0.018370 	-0.018370 	-0.018370 	 
0.114417 	0.114417 	0.114417 	0.114417 	0.114417 	0.114417 	0.114417 	0.114417 	0.114417 	0.114417 	0.114417 	0.114417 	 
0.195850 	0.195850 	0.195850 	0.195850 	0.195850 	0.195850 	0.195850 	0.195850 	0.195850 	0.195850 	0.195850 	0.195850 	 
0.208604 	0.208604 	0.208604 	0.208604 	0.208604 	0.208604 	0.208604 	0.208604 	0.208604 	0.208604 	0.208604 	0.208604 	 
-0.122613 	-0.122613 	-0.122613 	-0.122613 	-0.122613 	-0.122613 	-0.122613 	-0.122613 	-0.122613 	-0.122613 	-0.122613 	-0.122613 	 
0.124099 	0.124099 	0.124099 	0.124099 	0.124099 	0.124099 	0.124099 	0.124099 	0.124099 	0.124099 	0.124099 	0.124099 	 
0.187584 	0.187584 	0.187584 	0.187584 	0.187584 	0.187584 	0.187584 	0.187584 	0.187584 	0.187584 	0.187584 	0.187584 	 
0.203659 	0.203659 	0.203659 	0.203659 	0.203659 	0.203659 	0.203659 	0.203659 	0.203659 	0.203659 	0.203659 	0.203659 	 
0.205844 	0.205844 	0.205844 	0.205844 	0.205844 	0.205844 	0.205844 	0.205844 	0.205844 	0.205844 	0.205844 	0.205844 	 
0.117483 	0.117483 	0.117483 	0.117483 	0.117483 	0.117483 	0.117483 	0.117483 	0.117483 	0.117483 	0.117483 	0.117483 	 
0.191674 	0.191674 	0.191674 	0.191674 	0.191674 	0.191674 	0.191674 	0.191674 	0.191674 	0.191674 	0.191674 	0.191674 	 
0.207947 	0.207947 	0.207947 	0.207947 	0.207947 	0.207947 	0.207947 	0.207947 	0.207947 	0.207947 	0.207947 	0.207947 	 
0.210389 	0.210389 	0.210389 	0.210389 	0.210389 	0.210389 	0.210389 	0.210389 	0.210389 	0.210389 	0.210389 	0.210389 	 
-3.456691 	-3.456691 	-3.456691 	-3.456691 	-3.456691 	-3.456691 	-3.456691 	-3.456691 	-3.456691 	-3.456691 	-3.456691 	-3.456691 	 
-4.020730 	-4.020730 	-4.020730 	-4.020730 	-4.020730 	-4.020730 	-4.020730 	-4.020730 	-4.020730 	-4.020730 	-4.020730 	-4.020730 	 
-1.673931 	-1.673931 	-1.673931 	-1.673931 	-1.673931 	-1.673931 	-1.673931 	-1.673931 	-1.673931 	-1.673931 	-1.673931 	-1.673931 	 
-0.814974 	-0.814974 	-0.814974 	-0.814974 	-0.814974 	-0.814974 	-0.814974 	-0.814974 	-0.814974 	-0.814974 	-0.814974 	-0.814974 	 
-0.774553 	-0.774553 	-0.774553 	-0.774553 	-0.774553 	-0.774553 	-0.774553 	-0.774553 	-0.774553 	-0.774553 	-0.774553 	-0.774553 	 
-0.865542 	-0.865542 	-0.865542 	-0.865542 	-0.865542 	-0.865542 	-0.865542 	-0.865542 	-0.865542 	-0.865542 	-0.865542 	-0.865542 	 
-3.128375 	-3.128375 	-3.128375 	-3.128375 	-3.128375 	-3.128375 	-3.128375 	-3.128375 	-3.128375 	-3.128375 	-3.128375 	-3.128375 	 
-5.792886 	-5.792886 	-5.792886 	-5.792886 	-5.792886 	-5.792886 	-5.792886 	-5.792886 	-5.792886 	-5.792886 	-5.792886 	-5.792886 	 
-4.229421 	-4.229421 	-4.229421 	-4.229421 	-4.229421 	-4.229421 	-4.229421 	-4.229421 	-4.229421 	-4.229421 	-4.229421 	-4.229421 	 
-2.325398 	-2.325398 	-2.325398 	-2.325398 	-2.325398 	-2.325398 	-2.325398 	-2.325398 	-2.325398 	-2.325398 	-2.325398 	-2.325398 	 
-0.786877 	-0.786877 	-0.786877 	-0.786877 	-0.786877 	-0.786877 	-0.786877 	-0.786877 	-0.786877 	-0.786877 	-0.786877 	-0.786877 	 
-0.044990 	-0.044990 	-0.044990 	-0.044990 	-0.044990 	-0.044990 	-0.044990 	-0.044990 	-0.044990 	-0.044990 	-0.044990 	-0.044990 	 
0.013244 	0.013244 	0.013244 	0.013244 	0.013244 	0.013244 	0.013244 	0.013244 	0.013244 	0.013244 	0.013244 	0.013244 	 
0.001778 	0.001778 	0.001778 	0.001778 	0.001778 	0.001778 	0.001778 	0.001778 	0.001778 	0.001778 	0.001778 	0.001778 	 
-0.468412 	-0.468412 	-0.468412 	-0.468412 	-0.468412 	-0.468412 	-0.468412 	-0.468412 	-0.468412 	-0.468412 	-0.468412 	-0.468412 	 
-0.088679 	-0.088679 	-0.088679 	-0.088679 	-0.088679 	-0.088679 	-0.088679 	-0.088679 	-0.088679 	-0.088679 	-0.088679 	-0.088679 	 
0.041929 	0.041929 	0.041929 	0.041929 	0.041929 	0.041929 	0.041929 	0.041929 	0.041929 	0.041929 	0.041929 	0.041929 	 
0.170943 	0.170943 	0.170943 	0.170943 	0.170943 	0.170943 	0.170943 	0.170943 	0.170943 	0.170943 	0.170943 	0.170943 	 
0.188023 	0.188023 	0.188023 	0.188023 	0.188023 	0.188023 	0.188023 	0.188023 	0.188023 	0.188023 	0.188023 	0.188023 	 
0.131412 	0.131412 	0.131412 	0.131412 	0.131412 	0.131412 	0.131412 	0.131412 	0.131412 	0.131412 	0.131412 	0.131412 	 
0.148560 	0.148560 	0.148560 	0.148560 	0.148560 	0.148560 	0.148560 	0.148560 	0.148560 	0.148560 	0.148560 	0.148560 	 
0.195032 	0.195032 	0.195032 	0.195032 	0.195032 	0.195032 	0.195032 	0.195032 	0.195032 	0.195032 	0.195032 	0.195032 	 
-0.573736 	-0.573736 	-0.573736 	-0.573736 	-0.573736 	-0.573736 	-0.573736 	-0.573736 	-0.573736 	-0.573736 	-0.573736 	-0.573736 	 
-2.877216 	-2.877216 	-2.877216 	-2.877216 	-2.877216 	-2.877216 	-2.877216 	-2.877216 	-2.877216 	-2.877216 	-2.877216 	-2.877216 	 
-1.332123 	-1.332123 	-1.332123 	-1.332123 	-1.332123 	-1.332123 	-1.332123 	-1.332123 	-1.332123 	-1.332123 	-1.332123 	-1.332123 	 
-0.200905 	-0.200905 	-0.200905 	-0.200905 	-0.200905 	-0.200905 	-0.200905 	-0.200905 	-0.200905 	-0.200905 	-0.200905 	-0.200905 	 
-2.016256 	-2.016256 	-2.016256 	-2.016256 	-2.016256 	-2.016256 	-2.016256 	-2.016256 	-2.016256 	-2.016256 	-2.016256 	-2.016256 	 
-1.974807 	-1.974807 	-1.974807 	-1.974807 	-1.974807 	-1.974807 	-1.974807 	-1.974807 	-1.974807 	-1.974807 	-1.974807 	-1.974807 	 
-0.540133 	-0.540133 	-0.540133 	-0.540133 	-0.540133 	-0.540133 	-0.540133 	-0.540133 	-0.540133 	-0.540133 	-0.540133 	-0.540133 	 
-0.511218 	-0.511218 	-0.511218 	-0.511218 	-0.511218 	-0.511218 	-0.511218 	-0.511218 	-0.511218 	-0.511218 	-0.511218 	-0.511218 	 
-0.017944 	-0.017944 	-0.017944 	-0.017944 	-0.017944 	-0.017944 	-0.017944 	-0.017944 	-0.017944 	-0.017944 	-0.017944 	-0.017944 	 
0.166920 	0.166920 	0.166920 	0.166920 	0.166920 	0.166920 	0.166920 	0.166920 	0.166920 	0.166920 	0.166920 	0.166920 	 
0.203405 	0.203405 	0.203405 	0.203405 	0.203405 	0.203405 	0.203405 	0.203405 	0.203405 	0.203405 	0.203405 	0.203405 	 
0.209643 	0.209643 	0.209643 	0.209643 	0.209643 	0.209643 	0.209643 	0.209643 	0.209643 	0.209643 	0.209643 	0.209643 	 
-0.182124 	-0.182124 	-0.182124 	-0.182124 	-0.182124 	-0.182124 	-0.182124 	-0.182124 	-0.182124 	-0.182124 	-0.182124 	-0.182124 	 
0.040218 	0.040218 	0.040218 	0.040218 	0.040218 	0.040218 	0.040218 	0.040218 	0.040218 	0.040218 	0.040218 	0.040218 	 
0.098248 	0.098248 	0.098248 	0.098248 	0.098248 	0.098248 	0.098248 	0.098248 	0.098248 	0.098248 	0.098248 	0.098248 	 
-0.438307 	-0.438307 	-0.438307 	-0.438307 	-0.438307 	-0.438307 	-0.438307 	-0.438307 	-0.438307 	-0.438307 	-0.438307 	-0.438307 	 
-0.007897 	-0.007897 	-0.007897 	-0.007897 	-0.007897 	-0.007897 	-0.007897 	-0.007897 	-0.007897 	-0.007897 	-0.007897 	-0.007897 	 
0.168526 	0.168526 	0.168526 	0.168526 	0.168526 	0.168526 	0.168526 	0.168526 	0.168526 	0.168526 	0.168526 	0.168526 	 
0.203697 	0.203697 	0.203697 	0.203697 	0.203697 	0.203697 	0.203697 	0.203697 	0.203697 	0.203697 	0.203697 	0.203697 	 
0.209599 	0.209599 	0.209599 	0.209599 	0.209599 	0.209599 	0.209599 	0.209599 	0.209599 	0.209599 	0.209599 	0.209599 	 
0.210351 	0.210351 	0.210351 	0.210351 	0.210351 	0.210351 	0.210351 	0.210351 	0.210351 	0.210351 	0.210351 	0.210351 	 
0.210298 	0.210298 	0.210298 	0.210298 	0.210298 	0.210298 	0.210298 	0.210298 	0.210298 	0.210298 	0.210298 	0.210298 	 
-0.032347 	-0.032347 	-0.032347 	-0.032347 	-0.032347 	-0.032347 	-0.032347 	-0.032347 	-0.032347 	-0.032347 	-0.032347 	-0.032347 	 
-0.283329 	-0.283329 	-0.283329 	-0.283329 	-0.283329 	-0.283329 	-0.283329 	-0.283329 	-0.283329 	-0.283329 	-0.283329 	-0.283329 	 
0.057300 	0.057300 	0.057300 	0.057300 	0.057300 	0.057300 	0.057300 	0.057300 	0.057300 	0.057300 	0.057300 	0.057300 	 
0.124444 	0.124444 	0.124444 	0.124444 	0.124444 	0.124444 	0.124444 	0.124444 	0.124444 	0.124444 	0.124444 	0.124444 	 
-0.799134 	-0.799134 	-0.799134 	-0.799134 	-0.799134 	-0.799134 	-0.799134 	-0.799134 	-0.799134 	-0.799134 	-0.799134 	-0.799134 	 
-0.418943 	-0.418943 	-0.418943 	-0.418943 	-0.418943 	-0.418943 	-0.418943 	-0.418943 	-0.418943 	-0.418943 	-0.418943 	-0.418943 	 
0.046546 	0.046546 	0.046546 	0.046546 	0.046546 	0.046546 	0.046546 	0.046546 	0.046546 	0.046546 	0.046546 	0.046546 	 
0.169034 	0.169034 	0.169034 	0.169034 	0.169034 	0.169034 	0.169034 	0.169034 	0.169034 	0.169034 	0.169034 	0.169034 	 
0.199680 	0.199680 	0.199680 	0.199680 	0.199680 	0.199680 	0.199680 	0.199680 	0.199680 	0.199680 	0.199680 	0.199680 	 
-1.275598 	-1.275598 	-1.275598 	-1.275598 	-1.275598 	-1.275598 	-1.275598 	-1.275598 	-1.275598 	-1.275598 	-1.275598 	-1.275598 	 
-1.169513 	-1.169513 	-1.169513 	-1.169513 	-1.169513 	-1.169513 	-1.169513 	-1.169513 	-1.169513 	-1.169513 	-1.169513 	-1.169513 	 
-0.158446 	-0.158446 	-0.158446 	-0.158446 	-0.158446 	-0.158446 	-0.158446 	-0.158446 	-0.158446 	-0.158446 	-0.158446 	-0.158446 	 
0.136171 	0.136171 	0.136171 	0.136171 	0.136171 	0.136171 	0.136171 	0.136171 	0.136171 	0.136171 	0.136171 	0.136171 	 
0.195215 	0.195215 	0.195215 	0.195215 	0.195215 	0.195215 	0.195215 	0.195215 	0.195215 	0.195215 	0.195215 	0.195215 	 
0.205480 	0.205480 	0.205480 	0.205480 	0.205480 	0.205480 	0.205480 	0.205480 	0.205480 	0.205480 	0.205480 	0.205480 	 
0.201192 	0.201192 	0.201192 	0.201192 	0.201192 	0.201192 	0.201192 	0.201192 	0.201192 	0.201192 	0.201192 	0.201192 	 
-0.026704 	-0.026704 	-0.026704 	-0.026704 	-0.026704 	-0.026704 	-0.026704 	-0.026704 	-0.026704 	-0.026704 	-0.026704 	-0.026704 	 
0.129247 	0.129247 	0.129247 	0.129247 	0.129247 	0.129247 	0.129247 	0.129247 	0.129247 	0.129247 	0.129247 	0.129247 	 
0.192064 	0.192064 	0.192064 	0.192064 	0.192064 	0.192064 	0.192064 	0.192064 	0.192064 	0.192064 	0.192064 	0.192064 	 
-0.524987 	-0.524987 	-0.524987 	-0.524987 	-0.524987 	-0.524987 	-0.524987 	-0.524987 	-0.524987 	-0.524987 	-0.524987 	-0.524987 	 
-0.687485 	-0.687485 	-0.687485 	-0.687485 	-0.687485 	-0.687485 	-0.687485 	-0.687485 	-0.687485 	-0.687485 	-0.687485 	-0.687485 	 
0.001521 	0.001521 	0.001521 	0.001521 	0.001521 	0.001521 	0.001521 	0.001521 	0.001521 	0.001521 	0.001521 	0.001521 	 
0.033889 	0.033889 	0.033889 	0.033889 	0.033889 	0.033889 	0.033889 	0.033889 	0.033889 	0.033889 	0.033889 	0.033889 	 
0.101886 	0.101886 	0.101886 	0.101886 	0.101886 	0.101886 	0.101886 	0.101886 	0.101886 	0.101886 	0.101886 	0.101886 	 
0.167516 	0.167516 	0.167516 	0.167516 	0.167516 	0.167516 	0.167516 	0.167516 	0.167516 	0.167516 	0.167516 	0.167516 	 
0.191767 	0.191767 	0.191767 	0.191767 	0.191767 	0.191767 	0.191767 	0.191767 	0.191767 	0.191767 	0.191767 	0.191767 	 
0.202594 	0.202594 	0.202594 	0.202594 	0.202594 	0.202594 	0.202594 	0.202594 	0.202594 	0.202594 	0.202594 	0.202594 	 
0.091408 	0.091408 	0.091408 	0.091408 	0.091408 	0.091408 	0.091408 	0.091408 	0.091408 	0.091408 	0.091408 	0.091408 	 
-0.028623 	-0.028623 	-0.028623 	-0.028623 	-0.028623 	-0.028623 	-0.028623 	-0.028623 	-0.028623 	-0.028623 	-0.028623 	-0.028623 	 
0.133029 	0.133029 	0.133029 	0.133029 	0.133029 	0.133029 	0.133029 	0.133029 	0.133029 	0.133029 	0.133029 	0.133029 	 
-0.129554 	-0.129554 	-0.129554 	-0.129554 	-0.129554 	-0.129554 	-0.129554 	-0.129554 	-0.129554 	-0.129554 	-0.129554 	-0.129554 	 
-2.200847 	-2.200847 	-2.200847 	-2.200847 	-2.200847 	-2.200847 	-2.200847 	-2.200847 	-2.200847 	-2.200847 	-2.200847 	-2.200847 	 
-1.440522 	-1.440522 	-1.440522 	-1.440522 	-1.440522 	-1.440522 	-1.440522 	-1.440522 	-1.440522 	-1.440522 	-1.440522 	-1.440522 	 
-1.319755 	-1.319755 	-1.319755 	-1.319755 	-1.319755 	-1.319755 	-1.319755 	-1.319755 	-1.319755 	-1.319755 	-1.319755 	-1.319755 	 
-0.471039 	-0.471039 	-0.471039 	-0.471039 	-0.471039 	-0.471039 	-0.471039 	-0.471039 	-0.471039 	-0.471039 	-0.471039 	-0.471039 	 
0.054071 	0.054071 	0.054071 	0.054071 	0.054071 	0.054071 	0.054071 	0.054071 	0.054071 	0.054071 	0.054071 	0.054071 	 
0.145865 	0.145865 	0.145865 	0.145865 	0.145865 	0.145865 	0.145865 	0.145865 	0.145865 	0.145865 	0.145865 	0.145865 	 
-0.006692 	-0.006692 	-0.006692 	-0.006692 	-0.006692 	-0.006692 	-0.006692 	-0.006692 	-0.006692 	-0.006692 	-0.006692 	-0.006692 	 
0.115568 	0.115568 	0.115568 	0.115568 	0.115568 	0.115568 	0.115568 	0.115568 	0.115568 	0.115568 	0.115568 	0.115568 	 
0.062182 	0.062182 	0.062182 	0.062182 	0.062182 	0.062182 	0.062182 	0.062182 	0.062182 	0.062182 	0.062182 	0.062182 	 
0.134360 	0.134360 	0.134360 	0.134360 	0.134360 	0.134360 	0.134360 	0.134360 	0.134360 	0.134360 	0.134360 	0.134360 	 
0.178818 	0.178818 	0.178818 	0.178818 	0.178818 	0.178818 	0.178818 	0.178818 	0.178818 	0.178818 	0.178818 	0.178818 	 
-0.110463 	-0.110463 	-0.110463 	-0.110463 	-0.110463 	-0.110463 	-0.110463 	-0.110463 	-0.110463 	-0.110463 	-0.110463 	-0.110463 	 
0.048507 	0.048507 	0.048507 	0.048507 	0.048507 	0.048507 	0.048507 	0.048507 	0.048507 	0.048507 	0.048507 	0.048507 	 
0.158995 	0.158995 	0.158995 	0.158995 	0.158995 	0.158995 	0.158995 	0.158995 	0.158995 	0.158995 	0.158995 	0.158995 	 
0.187443 	0.187443 	0.187443 	0.187443 	0.187443 	0.187443 	0.187443 	0.187443 	0.187443 	0.187443 	0.187443 	0.187443 	 
0.197569 	0.197569 	0.197569 	0.197569 	0.197569 	0.197569 	0.197569 	0.197569 	0.197569 	0.197569 	0.197569 	0.197569 	 
0.187979 	0.187979 	0.187979 	0.187979 	0.187979 	0.187979 	0.187979 	0.187979 	0.187979 	0.187979 	0.187979 	0.187979 	 
0.196920 	0.196920 	0.196920 	0.196920 	0.196920 	0.196920 	0.196920 	0.196920 	0.196920 	0.196920 	0.196920 	0.196920 	 
0.159170 	0.159170 	0.159170 	0.159170 	0.159170 	0.159170 	0.159170 	0.159170 	0.159170 	0.159170 	0.159170 	0.159170 	 
-0.145980 	-0.145980 	-0.145980 	-0.145980 	-0.145980 	-0.145980 	-0.145980 	-0.145980 	-0.145980 	-0.145980 	-0.145980 	-0.145980 	 
0.033843 	0.033843 	0.033843 	0.033843 	0.033843 	0.033843 	0.033843 	0.033843 	0.033843 	0.033843 	0.033843 	0.033843 	 
0.153669 	0.153669 	0.153669 	0.153669 	0.153669 	0.153669 	0.153669 	0.153669 	0.153669 	0.153669 	0.153669 	0.153669 	 
0.182801 	0.182801 	0.182801 	0.182801 	0.182801 	0.182801 	0.182801 	0.182801 	0.182801 	0.182801 	0.182801 	0.182801 	 
-0.187814 	-0.187814 	-0.187814 	-0.187814 	-0.187814 	-0.187814 	-0.187814 	-0.187814 	-0.187814 	-0.187814 	-0.187814 	-0.187814 	 
-0.125224 	-0.125224 	-0.125224 	-0.125224 	-0.125224 	-0.125224 	-0.125224 	-0.125224 	-0.125224 	-0.125224 	-0.125224 	-0.125224 	 
0.128699 	0.128699 	0.128699 	0.128699 	0.128699 	0.128699 	0.128699 	0.128699 	0.128699 	0.128699 	0.128699 	0.128699 	 
0.186885 	0.186885 	0.186885 	0.186885 	0.186885 	0.186885 	0.186885 	0.186885 	0.186885 	0.186885 	0.186885 	0.186885 	 
0.184784 	0.184784 	0.184784 	0.184784 	0.184784 	0.184784 	0.184784 	0.184784 	0.184784 	0.184784 	0.184784 	0.184784 	 
-0.478188 	-0.478188 	-0.478188 	-0.478188 	-0.478188 	-0.478188 	-0.478188 	-0.478188 	-0.478188 	-0.478188 	-0.478188 	-0.478188 	 
-0.646824 	-0.646824 	-0.646824 	-0.646824 	-0.646824 	-0.646824 	-0.646824 	-0.646824 	-0.646824 	-0.646824 	-0.646824 	-0.646824 	 
0.030433 	0.030433 	0.030433 	0.030433 	0.030433 	0.030433 	0.030433 	0.030433 	0.030433 	0.030433 	0.030433 	0.030433 	 
0.172044 	0.172044 	0.172044 	0.172044 	0.172044 	0.172044 	0.172044 	0.172044 	0.172044 	0.172044 	0.172044 	0.172044 	 
0.194283 	0.194283 	0.194283 	0.194283 	0.194283 	0.194283 	0.194283 	0.194283 	0.194283 	0.194283 	0.194283 	0.194283 	 
0.187732 	0.187732 	0.187732 	0.187732 	0.187732 	0.187732 	0.187732 	0.187732 	0.187732 	0.187732 	0.187732 	0.187732 	 
0.130628 	0.130628 	0.130628 	0.130628 	0.130628 	0.130628 	0.130628 	0.130628 	0.130628 	0.130628 	0.130628 	0.130628 	 
-0.057999 	-0.057999 	-0.057999 	-0.057999 	-0.057999 	-0.057999 	-0.057999 	-0.057999 	-0.057999 	-0.057999 	-0.057999 	-0.057999 	 
0.137909 	0.137909 	0.137909 	0.137909 	0.137909 	0.137909 	0.137909 	0.137909 	0.137909 	0.137909 	0.137909 	0.137909 	 
0.187331 	0.187331 	0.187331 	0.187331 	0.187331 	0.187331 	0.187331 	0.187331 	0.187331 	0.187331 	0.187331 	0.187331 	 
0.195510 	0.195510 	0.195510 	0.195510 	0.195510 	0.195510 	0.195510 	0.195510 	0.195510 	0.195510 	0.195510 	0.195510 	 
0.196601 	0.196601 	0.196601 	0.196601 	0.196601 	0.196601 	0.196601 	0.196601 	0.196601 	0.196601 	0.196601 	0.196601 	 
0.014172 	0.014172 	0.014172 	0.014172 	0.014172 	0.014172 	0.014172 	0.014172 	0.014172 	0.014172 	0.014172 	0.014172 	 
0.117103 	0.117103 	0.117103 	0.117103 	0.117103 	0.117103 	0.117103 	0.117103 	0.117103 	0.117103 	0.117103 	0.117103 	 
-0.101797 	-0.101797 	-0.101797 	-0.101797 	-0.101797 	-0.101797 	-0.101797 	-0.101797 	-0.101797 	-0.101797 	-0.101797 	-0.101797 	 
0.052338 	0.052338 	0.052338 	0.052338 	0.052338 	0.052338 	0.052338 	0.052338 	0.052338 	0.052338 	0.052338 	0.052338 	 
0.173958 	0.173958 	0.173958 	0.173958 	0.173958 	0.173958 	0.173958 	0.173958 	0.173958 	0.173958 	0.173958 	0.173958 	 
0.185936 	0.185936 	0.185936 	0.185936 	0.185936 	0.185936 	0.185936 	0.185936 	0.185936 	0.185936 	0.185936 	0.185936 	 
0.190734 	0.190734 	0.190734 	0.190734 	0.190734 	0.190734 	0.190734 	0.190734 	0.190734 	0.190734 	0.190734 	0.190734 	 
0.178246 	0.178246 	0.178246 	0.178246 	0.178246 	0.178246 	0.178246 	0.178246 	0.178246 	0.178246 	0.178246 	0.178246 	 
0.088250 	0.088250 	0.088250 	0.088250 	0.088250 	0.088250 	0.088250 	0.088250 	0.088250 	0.088250 	0.088250 	0.088250 	 
-0.196943 	-0.196943 	-0.196943 	-0.196943 	-0.196943 	-0.196943 	-0.196943 	-0.196943 	-0.196943 	-0.196943 	-0.196943 	-0.196943 	 
0.070428 	0.070428 	0.070428 	0.070428 	0.070428 	0.070428 	0.070428 	0.070428 	0.070428 	0.070428 	0.070428 	0.070428 	 
0.174452 	0.174452 	0.174452 	0.174452 	0.174452 	0.174452 	0.174452 	0.174452 	0.174452 	0.174452 	0.174452 	0.174452 	 
0.191335 	0.191335 	0.191335 	0.191335 	0.191335 	0.191335 	0.191335 	0.191335 	0.191335 	0.191335 	0.191335 	0.191335 	 
0.185129 	0.185129 	0.185129 	0.185129 	0.185129 	0.185129 	0.185129 	0.185129 	0.185129 	0.185129 	0.185129 	0.185129 	 
0.187141 	0.187141 	0.187141 	0.187141 	0.187141 	0.187141 	0.187141 	0.187141 	0.187141 	0.187141 	0.187141 	0.187141 	 
0.192407 	0.192407 	0.192407 	0.192407 	0.192407 	0.192407 	0.192407 	0.192407 	0.192407 	0.192407 	0.192407 	0.192407 	 
0.193365 	0.193365 	0.193365 	0.193365 	0.193365 	0.193365 	0.193365 	0.193365 	0.193365 	0.193365 	0.193365 	0.193365 	 
0.193359 	0.193359 	0.193359 	0.193359 	0.193359 	0.193359 	0.193359 	0.193359 	0.193359 	0.193359 	0.193359 	0.193359 	 
0.193193 	0.193193 	0.193193 	0.193193 	0.193193 	0.193193 	0.193193 	0.193193 	0.193193 	0.193193 	0.193193 	0.193193 	 
0.013248 	0.013248 	0.013248 	0.013248 	0.013248 	0.013248 	0.013248 	0.013248 	0.013248 	0.013248 	0.013248 	0.013248 	 
0.062297 	0.062297 	0.062297 	0.062297 	0.062297 	0.062297 	0.062297 	0.062297 	0.062297 	0.062297 	0.062297 	0.062297 	 
0.157660 	0.157660 	0.157660 	0.157660 	0.157660 	0.157660 	0.157660 	0.157660 	0.157660 	0.157660 	0.157660 	0.157660 	 
0.183966 	0.183966 	0.183966 	0.183966 	0.183966 	0.183966 	0.183966 	0.183966 	0.183966 	0.183966 	0.183966 	0.183966 	 
0.083243 	0.083243 	0.083243 	0.083243 	0.083243 	0.083243 	0.083243 	0.083243 	0.083243 	0.083243 	0.083243 	0.083243 	 
0.115909 	0.115909 	0.115909 	0.115909 	0.115909 	0.115909 	0.115909 	0.115909 	0.115909 	0.115909 	0.115909 	0.115909 	 
0.176329 	0.176329 	0.176329 	0.176329 	0.176329 	0.176329 	0.176329 	0.176329 	0.176329 	0.176329 	0.176329 	0.176329 	 
0.188472 	0.188472 	0.188472 	0.188472 	0.188472 	0.188472 	0.188472 	0.188472 	0.188472 	0.188472 	0.188472 	0.188472 	 
0.162396 	0.162396 	0.162396 	0.162396 	0.162396 	0.162396 	0.162396 	0.162396 	0.162396 	0.162396 	0.162396 	0.162396 	 
0.163014 	0.163014 	0.163014 	0.163014 	0.163014 	0.163014 	0.163014 	0.163014 	0.163014 	0.163014 	0.163014 	0.163014 	 
0.176209 	0.176209 	0.176209 	0.176209 	0.176209 	0.176209 	0.176209 	0.176209 	0.176209 	0.176209 	0.176209 	0.176209 	 
0.184695 	0.184695 	0.184695 	0.184695 	0.184695 	0.184695 	0.184695 	0.184695 	0.184695 	0.184695 	0.184695 	0.184695 	 
0.184041 	0.184041 	0.184041 	0.184041 	0.184041 	0.184041 	0.184041 	0.184041 	0.184041 	0.184041 	0.184041 	0.184041 	 
0.049066 	0.049066 	0.049066 	0.049066 	0.049066 	0.049066 	0.049066 	0.049066 	0.049066 	0.049066 	0.049066 	0.049066 	 
0.048735 	0.048735 	0.048735 	0.048735 	0.048735 	0.048735 	0.048735 	0.048735 	0.048735 	0.048735 	0.048735 	0.048735 	 
0.153906 	0.153906 	0.153906 	0.153906 	0.153906 	0.153906 	0.153906 	0.153906 	0.153906 	0.153906 	0.153906 	0.153906 	 
0.183092 	0.183092 	0.183092 	0.183092 	0.183092 	0.183092 	0.183092 	0.183092 	0.183092 	0.183092 	0.183092 	0.183092 	 
0.188635 	0.188635 	0.188635 	0.188635 	0.188635 	0.188635 	0.188635 	0.188635 	0.188635 	0.188635 	0.188635 	0.188635 	 
0.189413 	0.189413 	0.189413 	0.189413 	0.189413 	0.189413 	0.189413 	0.189413 	0.189413 	0.189413 	0.189413 	0.189413 	 
0.189370 	0.189370 	0.189370 	0.189370 	0.189370 	0.189370 	0.189370 	0.189370 	0.189370 	0.189370 	0.189370 	0.189370 	 
-0.699035 	-0.699035 	-0.699035 	-0.699035 	-0.699035 	-0.699035 	-0.699035 	-0.699035 	-0.699035 	-0.699035 	-0.699035 	-0.699035 	 
-0.581113 	-0.581113 	-0.581113 	-0.581113 	-0.581113 	-0.581113 	-0.581113 	-0.581113 	-0.581113 	-0.581113 	-0.581113 	-0.581113 	 
0.021935 	0.021935 	0.021935 	0.021935 	0.021935 	0.021935 	0.021935 	0.021935 	0.021935 	0.021935 	0.021935 	0.021935 	 
0.136257 	0.136257 	0.136257 	0.136257 	0.136257 	0.136257 	0.136257 	0.136257 	0.136257 	0.136257 	0.136257 	0.136257 	 
0.166396 	0.166396 	0.166396 	0.166396 	0.166396 	0.166396 	0.166396 	0.166396 	0.166396 	0.166396 	0.166396 	0.166396 	 
0.068983 	0.068983 	0.068983 	0.068983 	0.068983 	0.068983 	0.068983 	0.068983 	0.068983 	0.068983 	0.068983 	0.068983 	 
-0.010765 	-0.010765 	-0.010765 	-0.010765 	-0.010765 	-0.010765 	-0.010765 	-0.010765 	-0.010765 	-0.010765 	-0.010765 	-0.010765 	 
0.129478 	0.129478 	0.129478 	0.129478 	0.129478 	0.129478 	0.129478 	0.129478 	0.129478 	0.129478 	0.129478 	0.129478 	 
0.176134 	0.176134 	0.176134 	0.176134 	0.176134 	0.176134 	0.176134 	0.176134 	0.176134 	0.176134 	0.176134 	0.176134 	 
0.185552 	0.185552 	0.185552 	0.185552 	0.185552 	0.185552 	0.185552 	0.185552 	0.185552 	0.185552 	0.185552 	0.185552 	 
0.180930 	0.180930 	0.180930 	0.180930 	0.180930 	0.180930 	0.180930 	0.180930 	0.180930 	0.180930 	0.180930 	0.180930 	 
0.179546 	0.179546 	0.179546 	0.179546 	0.179546 	0.179546 	0.179546 	0.179546 	0.179546 	0.179546 	0.179546 	0.179546 	 
0.169187 	0.169187 	0.169187 	0.169187 	0.169187 	0.169187 	0.169187 	0.169187 	0.169187 	0.169187 	0.169187 	0.169187 	 
0.169752 	0.169752 	0.169752 	0.169752 	0.169752 	0.169752 	0.169752 	0.169752 	0.169752 	0.169752 	0.169752 	0.169752 	 
0.183349 	0.183349 	0.183349 	0.183349 	0.183349 	0.183349 	0.183349 	0.183349 	0.183349 	0.183349 	0.183349 	0.183349 	 
0.185887 	0.185887 	0.185887 	0.185887 	0.185887 	0.185887 	0.185887 	0.185887 	0.185887 	0.185887 	0.185887 	0.185887 	 
0.180074 	0.180074 	0.180074 	0.180074 	0.180074 	0.180074 	0.180074 	0.180074 	0.180074 	0.180074 	0.180074 	0.180074 	 
0.114393 	0.114393 	0.114393 	0.114393 	0.114393 	0.114393 	0.114393 	0.114393 	0.114393 	0.114393 	0.114393 	0.114393 	 
0.064458 	0.064458 	0.064458 	0.064458 	0.064458 	0.064458 	0.064458 	0.064458 	0.064458 	0.064458 	0.064458 	0.064458 	 
-0.280037 	-0.280037 	-0.280037 	-0.280037 	-0.280037 	-0.280037 	-0.280037 	-0.280037 	-0.280037 	-0.280037 	-0.280037 	-0.280037 	 
-0.771872 	-0.771872 	-0.771872 	-0.771872 	-0.771872 	-0.771872 	-0.771872 	-0.771872 	-0.771872 	-0.771872 	-0.771872 	-0.771872 	 
-0.323265 	-0.323265 	-0.323265 	-0.323265 	-0.323265 	-0.323265 	-0.323265 	-0.323265 	-0.323265 	-0.323265 	-0.323265 	-0.323265 	 
-0.027211 	-0.027211 	-0.027211 	-0.027211 	-0.027211 	-0.027211 	-0.027211 	-0.027211 	-0.027211 	-0.027211 	-0.027211 	-0.027211 	 
-0.028911 	-0.028911 	-0.028911 	-0.028911 	-0.028911 	-0.028911 	-0.028911 	-0.028911 	-0.028911 	-0.028911 	-0.028911 	-0.028911 	 
0.052187 	0.052187 	0.052187 	0.052187 	0.052187 	0.052187 	0.052187 	0.052187 	0.052187 	0.052187 	0.052187 	0.052187 	 
0.108537 	0.108537 	0.108537 	0.108537 	0.108537 	0.108537 	0.108537 	0.108537 	0.108537 	0.108537 	0.108537 	0.108537 	 
0.147800 	0.147800 	0.147800 	0.147800 	0.147800 	0.147800 	0.147800 	0.147800 	0.147800 	0.147800 	0.147800 	0.147800 	 
0.143039 	0.143039 	0.143039 	0.143039 	0.143039 	0.143039 	0.143039 	0.143039 	0.143039 	0.143039 	0.143039 	0.143039 	 
-0.644163 	-0.644163 	-0.644163 	-0.644163 	-0.644163 	-0.644163 	-0.644163 	-0.644163 	-0.644163 	-0.644163 	-0.644163 	-0.644163 	 
-1.979915 	-1.979915 	-1.979915 	-1.979915 	-1.979915 	-1.979915 	-1.979915 	-1.979915 	-1.979915 	-1.979915 	-1.979915 	-1.979915 	 
-0.879706 	-0.879706 	-0.879706 	-0.879706 	-0.879706 	-0.879706 	-0.879706 	-0.879706 	-0.879706 	-0.879706 	-0.879706 	-0.879706 	 
-0.103579 	-0.103579 	-0.103579 	-0.103579 	-0.103579 	-0.103579 	-0.103579 	-0.103579 	-0.103579 	-0.103579 	-0.103579 	-0.103579 	 
0.084953 	0.084953 	0.084953 	0.084953 	0.084953 	0.084953 	0.084953 	0.084953 	0.084953 	0.084953 	0.084953 	0.084953 	 
0.153739 	0.153739 	0.153739 	0.153739 	0.153739 	0.153739 	0.153739 	0.153739 	0.153739 	0.153739 	0.153739 	0.153739 	 
0.176742 	0.176742 	0.176742 	0.176742 	0.176742 	0.176742 	0.176742 	0.176742 	0.176742 	0.176742 	0.176742 	0.176742 	 
0.179206 	0.179206 	0.179206 	0.179206 	0.179206 	0.179206 	0.179206 	0.179206 	0.179206 	0.179206 	0.179206 	0.179206 	 
0.183315 	0.183315 	0.183315 	0.183315 	0.183315 	0.183315 	0.183315 	0.183315 	0.183315 	0.183315 	0.183315 	0.183315 	 
0.184264 	0.184264 	0.184264 	0.184264 	0.184264 	0.184264 	0.184264 	0.184264 	0.184264 	0.184264 	0.184264 	0.184264 	 
0.178918 	0.178918 	0.178918 	0.178918 	0.178918 	0.178918 	0.178918 	0.178918 	0.178918 	0.178918 	0.178918 	0.178918 	 
0.185791 	0.185791 	0.185791 	0.185791 	0.185791 	0.185791 	0.185791 	0.185791 	0.185791 	0.185791 	0.185791 	0.185791 	 
0.169306 	0.169306 	0.169306 	0.169306 	0.169306 	0.169306 	0.169306 	0.169306 	0.169306 	0.169306 	0.169306 	0.169306 	 
0.180335 	0.180335 	0.180335 	0.180335 	0.180335 	0.180335 	0.180335 	0.180335 	0.180335 	0.180335 	0.180335 	0.180335 	 
0.153463 	0.153463 	0.153463 	0.153463 	0.153463 	0.153463 	0.153463 	0.153463 	0.153463 	0.153463 	0.153463 	0.153463 	 
0.135580 	0.135580 	0.135580 	0.135580 	0.135580 	0.135580 	0.135580 	0.135580 	0.135580 	0.135580 	0.135580 	0.135580 	 
0.122815 	0.122815 	0.122815 	0.122815 	0.122815 	0.122815 	0.122815 	0.122815 	0.122815 	0.122815 	0.122815 	0.122815 	 
0.139921 	0.139921 	0.139921 	0.139921 	0.139921 	0.139921 	0.139921 	0.139921 	0.139921 	0.139921 	0.139921 	0.139921 	 
0.110537 	0.110537 	0.110537 	0.110537 	0.110537 	0.110537 	0.110537 	0.110537 	0.110537 	0.110537 	0.110537 	0.110537 	 
0.145590 	0.145590 	0.145590 	0.145590 	0.145590 	0.145590 	0.145590 	0.145590 	0.145590 	0.145590 	0.145590 	0.145590 	 
0.104636 	0.104636 	0.104636 	0.104636 	0.104636 	0.104636 	0.104636 	0.104636 	0.104636 	0.104636 	0.104636 	0.104636 	 
0.143373 	0.143373 	0.143373 	0.143373 	0.143373 	0.143373 	0.143373 	0.143373 	0.143373 	0.143373 	0.143373 	0.143373 	 
0.167243 	0.167243 	0.167243 	0.167243 	0.167243 	0.167243 	0.167243 	0.167243 	0.167243 	0.167243 	0.167243 	0.167243 	 
0.148210 	0.148210 	0.148210 	0.148210 	0.148210 	0.148210 	0.148210 	0.148210 	0.148210 	0.148210 	0.148210 	0.148210 	 
0.117789 	0.117789 	0.117789 	0.117789 	0.117789 	0.117789 	0.117789 	0.117789 	0.117789 	0.117789 	0.117789 	0.117789 	 
0.136688 	0.136688 	0.136688 	0.136688 	0.136688 	0.136688 	0.136688 	0.136688 	0.136688 	0.136688 	0.136688 	0.136688 	 
0.162058 	0.162058 	0.162058 	0.162058 	0.162058 	0.162058 	0.162058 	0.162058 	0.162058 	0.162058 	0.162058 	0.162058 	 
0.143348 	0.143348 	0.143348 	0.143348 	0.143348 	0.143348 	0.143348 	0.143348 	0.143348 	0.143348 	0.143348 	0.143348 	 
0.072267 	0.072267 	0.072267 	0.072267 	0.072267 	0.072267 	0.072267 	0.072267 	0.072267 	0.072267 	0.072267 	0.072267 	 
0.038089 	0.038089 	0.038089 	0.038089 	0.038089 	0.038089 	0.038089 	0.038089 	0.038089 	0.038089 	0.038089 	0.038089 	 
0.096203 	0.096203 	0.096203 	0.096203 	0.096203 	0.096203 	0.096203 	0.096203 	0.096203 	0.096203 	0.096203 	0.096203 	 
0.085514 	0.085514 	0.085514 	0.085514 	0.085514 	0.085514 	0.085514 	0.085514 	0.085514 	0.085514 	0.085514 	0.085514 	 
0.074824 	0.074824 	0.074824 	0.074824 	0.074824 	0.074824 	0.074824 	0.074824 	0.074824 	0.074824 	0.074824 	0.074824 	 
0.064135 	0.064135 	0.064135 	0.064135 	0.064135 	0.064135 	0.064135 	0.064135 	0.064135 	0.064135 	0.064135 	0.064135 	 
0.053446 	0.053446 	0.053446 	0.053446 	0.053446 	0.053446 	0.053446 	0.053446 	0.053446 	0.053446 	0.053446 	0.053446 	 
0.042757 	0.042757 	0.042757 	0.042757 	0.042757 	0.042757 	0.042757 	0.042757 	0.042757 	0.042757 	0.042757 	0.042757 	 
0.032068 	0.032068 	0.032068 	0.032068 	0.032068 	0.032068 	0.032068 	0.032068 	0.032068 	0.032068 	0.032068 	0.032068 	 
0.021378 	0.021378 	0.021378 	0.021378 	0.021378 	0.021378 	0.021378 	0.021378 	0.021378 	0.021378 	0.021378 	0.021378 	 
0.010689 	0.010689 	0.010689 	0.010689 	0.010689 	0.010689 	0.010689 	0.010689 	0.010689 	0.010689 	0.010689 	0.010689 	 
0.000000 	0.000000 	0.000000 	0.000000 	0.000000 	0.000000 	0.000000 	0.000000 	0.000000 	0.000000 	0.000000 	0.000000 	 
0.000000 	0.000000 	0.000000 	0.000000 	0.000000 	0.000000 	0.000000 	0.000000 	0.000000 	0.000000 	0.000000 	0.000000 	 
0.000000 	0.000000 	0.000000 	0.000000 	0.000000 	0.000000 	0.000000 	0.000000 	0.000000 	0.000000 	0.000000 	0.000000 	 
0.000000 	0.000000 	0.000000 	0.000000 	0.000000 	0.000000 	0.000000 	0.000000 	0.000000 	0.000000 	0.000000 	0.000000 	 
0.000000 	0.000000 	0.000000 	0.000000 	0.000000 	0.000000 	0.000000 	0.000000 	0.000000 	0.000000 	0.000000 	0.000000 	 
0.000000 	0.000000 	0.000000 	0.000000 	0.000000 	0.000000 	0.000000 	0.000000 	0.000000 	0.000000 	0.000000 	0.000000 	 
0.000000 	0.000000 	0.000000 	0.000000 	0.000000 	0.000000 	0.000000 	0.000000 	0.000000 	0.000000 	0.000000 	0.000000 	 
0.000000 	0.000000 	0.000000 	0.000000 	0.000000 	0.000000 	0.000000 	0.000000 	0.000000 	0.000000 	0.000000 	0.000000 	 
0.000000 	0.000000 	0.000000 	0.000000 	0.000000 	0.000000 	0.000000 	0.000000 	0.000000 	0.000000 	0.000000 	0.000000 	 
0.000000 	0.000000 	0.000000 	0.000000 	0.000000 	0.000000 	0.000000 	0.000000 	0.000000 	0.000000 	0.000000 	0.000000 	 
0.000000 	0.000000 	0.000000 	0.000000 	0.000000 	0.000000 	0.000000 	0.000000 	0.000000 	0.000000 	0.000000 	0.000000 	 
0.000000 	0.000000 	0.000000 	0.000000 	0.000000 	0.000000 	0.000000 	0.000000 	0.000000 	0.000000 	0.000000 	0.000000 	 
0.000000 	0.000000 	0.000000 	0.000000 	0.000000 	0.000000 	0.000000 	0.000000 	0.000000 	0.000000 	0.000000 	0.000000 	 
0.000000 	0.000000 	0.000000 	0.000000 	0.000000 	0.000000 	0.000000 	0.000000 	0.000000 	0.000000 	0.000000 	0.000000 	 
0.000000 	0.000000 	0.000000 	0.000000 	0.000000 	0.000000 	0.000000 	0.000000 	0.000000 	0.000000 	0.000000 	0.000000 	 
0.000000 	0.000000 	0.000000 	0.000000 	0.000000 	0.000000 	0.000000 	0.000000 	0.000000 	0.000000 	0.000000 	0.000000 	 
0.000000 	0.000000 	0.000000 	0.000000 	0.000000 	0.000000 	0.000000 	0.000000 	0.000000 	0.000000 	0.000000 	0.000000 	 
0.000000 	0.000000 	0.000000 	0.000000 	0.000000 	0.000000 	0.000000 	0.000000 	0.000000 	0.000000 	0.000000 	0.000000 	 
0.000000 	0.000000 	0.000000 	0.000000 	0.000000 	0.000000 	0.000000 	0.000000 	0.000000 	0.000000 	0.000000 	0.000000 	 
0.000000 	0.000000 	0.000000 	0.000000 	0.000000 	0.000000 	0.000000 	0.000000 	0.000000 	0.000000 	0.000000 	0.000000 	 
0.000000 	0.000000 	0.000000 	0.000000 	0.000000 	0.000000 	0.000000 	0.000000 	0.000000 	0.000000 	0.000000 	0.000000 	 
0.000000 	0.000000 	0.000000 	0.000000 	0.000000 	0.000000 	0.000000 	0.000000 	0.000000 	0.000000 	0.000000 	0.000000 	 
0.000000 	0.000000 	0.000000 	0.000000 	0.000000 	0.000000 	0.000000 	0.000000 	0.000000 	0.000000 	0.000000 	0.000000 	 
0.000000 	0.000000 	0.000000 	0.000000 	0.000000 	0.000000 	0.000000 	0.000000 	0.000000 	0.000000 	0.000000 	0.000000 	 
0.000000 	0.000000 	0.000000 	0.000000 	0.000000 	0.000000 	0.000000 	0.000000 	0.000000 	0.000000 	0.000000 	0.000000 	 
0.000000 	0.000000 	0.000000 	0.000000 	0.000000 	0.000000 	0.000000 	0.000000 	0.000000 	0.000000 	0.000000 	0.000000 	 
0.000000 	0.000000 	0.000000 	0.000000 	0.000000 	0.000000 	0.000000 	0.000000 	0.000000 	0.000000 	0.000000 	0.000000 	 
0.000000 	0.000000 	0.000000 	0.000000 	0.000000 	0.000000 	0.000000 	0.000000 	0.000000 	0.000000 	0.000000 	0.000000 	 
0.000000 	0.000000 	0.000000 	0.000000 	0.000000 	0.000000 	0.000000 	0.000000 	0.000000 	0.000000 	0.000000 	0.000000 	 
0.000000 	0.000000 	0.000000 	0.000000 	0.000000 	0.000000 	0.000000 	0.000000 	0.000000 	0.000000 	0.000000 	0.000000 	 
0.000000 	0.000000 	0.000000 	0.000000 	0.000000 	0.000000 	0.000000 	0.000000 	0.000000 	0.000000 	0.000000 	0.000000 	 
0.000000 	0.000000 	0.000000 	0.000000 	0.000000 	0.000000 	0.000000 	0.000000 	0.000000 	0.000000 	0.000000 	0.000000 	 
0.000000 	0.000000 	0.000000 	0.000000 	0.000000 	0.000000 	0.000000 	0.000000 	0.000000 	0.000000 	0.000000 	0.000000 	 
0.000000 	0.000000 	0.000000 	0.000000 	0.000000 	0.000000 	0.000000 	0.000000 	0.000000 	0.000000 	0.000000 	0.000000 	 
0.000000 	0.000000 	0.000000 	0.000000 	0.000000 	0.000000 	0.000000 	0.000000 	0.000000 	0.000000 	0.000000 	0.000000 	 
0.000000 	0.000000 	0.000000 	0.000000 	0.000000 	0.000000 	0.000000 	0.000000 	0.000000 	0.000000 	0.000000 	0.000000 	 
0.000000 	0.000000 	0.000000 	0.000000 	0.000000 	0.000000 	0.000000 	0.000000 	0.000000 	0.000000 	0.000000 	0.000000 	 
0.000000 	0.000000 	0.000000 	0.000000 	0.000000 	0.000000 	0.000000 	0.000000 	0.000000 	0.000000 	0.000000 	0.000000 	 
0.000000 	0.000000 	0.000000 	0.000000 	0.000000 	0.000000 	0.000000 	0.000000 	0.000000 	0.000000 	0.000000 	0.000000 	 
0.000000 	0.000000 	0.000000 	0.000000 	0.000000 	0.000000 	0.000000 	0.000000 	0.000000 	0.000000 	0.000000 	0.000000 	 
0.000000 	0.000000 	0.000000 	0.000000 	0.000000 	0.000000 	0.000000 	0.000000 	0.000000 	0.000000 	0.000000 	0.000000 	 
0.000000 	0.000000 	0.000000 	0.000000 	0.000000 	0.000000 	0.000000 	0.000000 	0.000000 	0.000000 	0.000000 	0.000000 	 
0.000000 	0.000000 	0.000000 	0.000000 	0.000000 	0.000000 	0.000000 	0.000000 	0.000000 	0.000000 	0.000000 	0.000000 	 
0.000000 	0.000000 	0.000000 	0.000000 	0.000000 	0.000000 	0.000000 	0.000000 	0.000000 	0.000000 	0.000000 	0.000000 	 
0.000000 	0.000000 	0.000000 	0.000000 	0.000000 	0.000000 	0.000000 	0.000000 	0.000000 	0.000000 	0.000000 	0.000000 	 
0.000000 	0.000000 	0.000000 	0.000000 	0.000000 	0.000000 	0.000000 	0.000000 	0.000000 	0.000000 	0.000000 	0.000000 	 
0.000000 	0.000000 	0.000000 	0.000000 	0.000000 	0.000000 	0.000000 	0.000000 	0.000000 	0.000000 	0.000000 	0.000000 	 
0.000000 	0.000000 	0.000000 	0.000000 	0.000000 	0.000000 	0.000000 	0.000000 	0.000000 	0.000000 	0.000000 	0.000000 	 
0.000000 	0.000000 	0.000000 	0.000000 	0.000000 	0.000000 	0.000000 	0.000000 	0.000000 	0.000000 	0.000000 	0.000000 	 
0.000000 	0.000000 	0.000000 	0.000000 	0.000000 	0.000000 	0.000000 	0.000000 	0.000000 	0.000000 	0.000000 	0.000000 	 
0.000000 	0.000000 	0.000000 	0.000000 	0.000000 	0.000000 	0.000000 	0.000000 	0.000000 	0.000000 	0.000000 	0.000000 	 
0.000000 	0.000000 	0.000000 	0.000000 	0.000000 	0.000000 	0.000000 	0.000000 	0.000000 	0.000000 	0.000000 	0.000000 	 
0.000000 	0.000000 	0.000000 	0.000000 	0.000000 	0.000000 	0.000000 	0.000000 	0.000000 	0.000000 	0.000000 	0.000000 	 
0.000000 	0.000000 	0.000000 	0.000000 	0.000000 	0.000000 	0.000000 	0.000000 	0.000000 	0.000000 	0.000000 	0.000000 	 
0.000000 	0.000000 	0.000000 	0.000000 	0.000000 	0.000000 	0.000000 	0.000000 	0.000000 	0.000000 	0.000000 	0.000000 	 
0.000000 	0.000000 	0.000000 	0.000000 	0.000000 	0.000000 	0.000000 	0.000000 	0.000000 	0.000000 	0.000000 	0.000000 	 
0.000000 	0.000000 	0.000000 	0.000000 	0.000000 	0.000000 	0.000000 	0.000000 	0.000000 	0.000000 	0.000000 	0.000000 	 
0.000000 	0.000000 	0.000000 	0.000000 	0.000000 	0.000000 	0.000000 	0.000000 	0.000000 	0.000000 	0.000000 	0.000000 	 
0.000000 	0.000000 	0.000000 	0.000000 	0.000000 	0.000000 	0.000000 	0.000000 	0.000000 	0.000000 	0.000000 	0.000000 	 
0.000000 	0.000000 	0.000000 	0.000000 	0.000000 	0.000000 	0.000000 	0.000000 	0.000000 	0.000000 	0.000000 	0.000000 	 
0.000000 	0.000000 	0.000000 	0.000000 	0.000000 	0.000000 	0.000000 	0.000000 	0.000000 	0.000000 	0.000000 	0.000000 	 
0.000000 	0.000000 	0.000000 	0.000000 	0.000000 	0.000000 	0.000000 	0.000000 	0.000000 	0.000000 	0.000000 	0.000000 	 
0.000000 	0.000000 	0.000000 	0.000000 	0.000000 	0.000000 	0.000000 	0.000000 	0.000000 	0.000000 	0.000000 	0.000000 	 
0.000000 	0.000000 	0.000000 	0.000000 	0.000000 	0.000000 	0.000000 	0.000000 	0.000000 	0.000000 	0.000000 	0.000000 	 
0.000000 	0.000000 	0.000000 	0.000000 	0.000000 	0.000000 	0.000000 	0.000000 	0.000000 	0.000000 	0.000000 	0.000000 	 
0.000000 	0.000000 	0.000000 	0.000000 	0.000000 	0.000000 	0.000000 	0.000000 	0.000000 	0.000000 	0.000000 	0.000000 	 
0.000000 	0.000000 	0.000000 	0.000000 	0.000000 	0.000000 	0.000000 	0.000000 	0.000000 	0.000000 	0.000000 	0.000000 	 
0.000000 	0.000000 	0.000000 	0.000000 	0.000000 	0.000000 	0.000000 	0.000000 	0.000000 	0.000000 	0.000000 	0.000000 	 
0.000000 	0.000000 	0.000000 	0.000000 	0.000000 	0.000000 	0.000000 	0.000000 	0.000000 	0.000000 	0.000000 	0.000000 	 
0.000000 	0.000000 	0.000000 	0.000000 	0.000000 	0.000000 	0.000000 	0.000000 	0.000000 	0.000000 	0.000000 	0.000000 	 
0.000000 	0.000000 	0.000000 	0.000000 	0.000000 	0.000000 	0.000000 	0.000000 	0.000000 	0.000000 	0.000000 	0.000000 	 
0.000000 	0.000000 	0.000000 	0.000000 	0.000000 	0.000000 	0.000000 	0.000000 	0.000000 	0.000000 	0.000000 	0.000000 	 
0.000000 	0.000000 	0.000000 	0.000000 	0.000000 	0.000000 	0.000000 	0.000000 	0.000000 	0.000000 	0.000000 	0.000000 	 
0.000000 	0.000000 	0.000000 	0.000000 	0.000000 	0.000000 	0.000000 	0.000000 	0.000000 	0.000000 	0.000000 	0.000000 	 
0.000000 	0.000000 	0.000000 	0.000000 	0.000000 	0.000000 	0.000000 	0.000000 	0.000000 	0.000000 	0.000000 	0.000000 	 
0.000000 	0.000000 	0.000000 	0.000000 	0.000000 	0.000000 	0.000000 	0.000000 	0.000000 	0.000000 	0.000000 	0.000000 	 
0.000000 	0.000000 	0.000000 	0.000000 	0.000000 	0.000000 	0.000000 	0.000000 	0.000000 	0.000000 	0.000000 	0.000000 	 
0.000000 	0.000000 	0.000000 	0.000000 	0.000000 	0.000000 	0.000000 	0.000000 	0.000000 	0.000000 	0.000000 	0.000000 	 
0.000000 	0.000000 	0.000000 	0.000000 	0.000000 	0.000000 	0.000000 	0.000000 	0.000000 	0.000000 	0.000000 	0.000000 	 
0.000000 	0.000000 	0.000000 	0.000000 	0.000000 	0.000000 	0.000000 	0.000000 	0.000000 	0.000000 	0.000000 	0.000000 	 
0.000000 	0.000000 	0.000000 	0.000000 	0.000000 	0.000000 	0.000000 	0.000000 	0.000000 	0.000000 	0.000000 	0.000000 	 
0.000000 	0.000000 	0.000000 	0.000000 	0.000000 	0.000000 	0.000000 	0.000000 	0.000000 	0.000000 	0.000000 	0.000000 	 
0.000000 	0.000000 	0.000000 	0.000000 	0.000000 	0.000000 	0.000000 	0.000000 	0.000000 	0.000000 	0.000000 	0.000000 	 
0.000000 	0.000000 	0.000000 	0.000000 	0.000000 	0.000000 	0.000000 	0.000000 	0.000000 	0.000000 	0.000000 	0.000000 	 
0.000000 	0.000000 	0.000000 	0.000000 	0.000000 	0.000000 	0.000000 	0.000000 	0.000000 	0.000000 	0.000000 	0.000000 	 
0.000000 	0.000000 	0.000000 	0.000000 	0.000000 	0.000000 	0.000000 	0.000000 	0.000000 	0.000000 	0.000000 	0.000000 	 
0.000000 	0.000000 	0.000000 	0.000000 	0.000000 	0.000000 	0.000000 	0.000000 	0.000000 	0.000000 	0.000000 	0.000000 	 
0.000000 	0.000000 	0.000000 	0.000000 	0.000000 	0.000000 	0.000000 	0.000000 	0.000000 	0.000000 	0.000000 	0.000000 	 
0.000000 	0.000000 	0.000000 	0.000000 	0.000000 	0.000000 	0.000000 	0.000000 	0.000000 	0.000000 	0.000000 	0.000000 	 
0.000000 	0.000000 	0.000000 	0.000000 	0.000000 	0.000000 	0.000000 	0.000000 	0.000000 	0.000000 	0.000000 	0.000000 	 
0.000000 	0.000000 	0.000000 	0.000000 	0.000000 	0.000000 	0.000000 	0.000000 	0.000000 	0.000000 	0.000000 	0.000000 	 
0.000000 	0.000000 	0.000000 	0.000000 	0.000000 	0.000000 	0.000000 	0.000000 	0.000000 	0.000000 	0.000000 	0.000000 	 
0.000000 	0.000000 	0.000000 	0.000000 	0.000000 	0.000000 	0.000000 	0.000000 	0.000000 	0.000000 	0.000000 	0.000000 	 
0.000000 	0.000000 	0.000000 	0.000000 	0.000000 	0.000000 	0.000000 	0.000000 	0.000000 	0.000000 	0.000000 	0.000000 	 
0.000000 	0.000000 	0.000000 	0.000000 	0.000000 	0.000000 	0.000000 	0.000000 	0.000000 	0.000000 	0.000000 	0.000000 	 
0.000000 	0.000000 	0.000000 	0.000000 	0.000000 	0.000000 	0.000000 	0.000000 	0.000000 	0.000000 	0.000000 	0.000000 	 
0.000000 	0.000000 	0.000000 	0.000000 	0.000000 	0.000000 	0.000000 	0.000000 	0.000000 	0.000000 	0.000000 	0.000000 	 
0.000000 	0.000000 	0.000000 	0.000000 	0.000000 	0.000000 	0.000000 	0.000000 	0.000000 	0.000000 	0.000000 	0.000000 	 
0.000000 	0.000000 	0.000000 	0.000000 	0.000000 	0.000000 	0.000000 	0.000000 	0.000000 	0.000000 	0.000000 	0.000000 	 
0.000000 	0.000000 	0.000000 	0.000000 	0.000000 	0.000000 	0.000000 	0.000000 	0.000000 	0.000000 	0.000000 	0.000000 	 
0.000000 	0.000000 	0.000000 	0.000000 	0.000000 	0.000000 	0.000000 	0.000000 	0.000000 	0.000000 	0.000000 	0.000000 	 
0.000000 	0.000000 	0.000000 	0.000000 	0.000000 	0.000000 	0.000000 	0.000000 	0.000000 	0.000000 	0.000000 	0.000000 	 
0.000000 	0.000000 	0.000000 	0.000000 	0.000000 	0.000000 	0.000000 	0.000000 	0.000000 	0.000000 	0.000000 	0.000000 	 
0.000000 	0.000000 	0.000000 	0.000000 	0.000000 	0.000000 	0.000000 	0.000000 	0.000000 	0.000000 	0.000000 	0.000000 	 
0.000000 	0.000000 	0.000000 	0.000000 	0.000000 	0.000000 	0.000000 	0.000000 	0.000000 	0.000000 	0.000000 	0.000000 	 
0.000000 	0.000000 	0.000000 	0.000000 	0.000000 	0.000000 	0.000000 	0.000000 	0.000000 	0.000000 	0.000000 	0.000000 	 
0.000000 	0.000000 	0.000000 	0.000000 	0.000000 	0.000000 	0.000000 	0.000000 	0.000000 	0.000000 	0.000000 	0.000000 	 
0.000000 	0.000000 	0.000000 	0.000000 	0.000000 	0.000000 	0.000000 	0.000000 	0.000000 	0.000000 	0.000000 	0.000000 	 
0.000000 	0.000000 	0.000000 	0.000000 	0.000000 	0.000000 	0.000000 	0.000000 	0.000000 	0.000000 	0.000000 	0.000000 	 
0.000000 	0.000000 	0.000000 	0.000000 	0.000000 	0.000000 	0.000000 	0.000000 	0.000000 	0.000000 	0.000000 	0.000000 	 
0.000000 	0.000000 	0.000000 	0.000000 	0.000000 	0.000000 	0.000000 	0.000000 	0.000000 	0.000000 	0.000000 	0.000000 	 
0.000000 	0.000000 	0.000000 	0.000000 	0.000000 	0.000000 	0.000000 	0.000000 	0.000000 	0.000000 	0.000000 	0.000000 	 
0.000000 	0.000000 	0.000000 	0.000000 	0.000000 	0.000000 	0.000000 	0.000000 	0.000000 	0.000000 	0.000000 	0.000000 	 
0.000000 	0.000000 	0.000000 	0.000000 	0.000000 	0.000000 	0.000000 	0.000000 	0.000000 	0.000000 	0.000000 	0.000000 	 
0.000000 	0.000000 	0.000000 	0.000000 	0.000000 	0.000000 	0.000000 	0.000000 	0.000000 	0.000000 	0.000000 	0.000000 	 
0.000000 	0.000000 	0.000000 	0.000000 	0.000000 	0.000000 	0.000000 	0.000000 	0.000000 	0.000000 	0.000000 	0.000000 	 
0.000000 	0.000000 	0.000000 	0.000000 	0.000000 	0.000000 	0.000000 	0.000000 	0.000000 	0.000000 	0.000000 	0.000000 	 
0.000000 	0.000000 	0.000000 	0.000000 	0.000000 	0.000000 	0.000000 	0.000000 	0.000000 	0.000000 	0.000000 	0.000000 	 
0.000000 	0.000000 	0.000000 	0.000000 	0.000000 	0.000000 	0.000000 	0.000000 	0.000000 	0.000000 	0.000000 	0.000000 	 
0.000000 	0.000000 	0.000000 	0.000000 	0.000000 	0.000000 	0.000000 	0.000000 	0.000000 	0.000000 	0.000000 	0.000000 	 
0.000000 	0.000000 	0.000000 	0.000000 	0.000000 	0.000000 	0.000000 	0.000000 	0.000000 	0.000000 	0.000000 	0.000000 	 
0.000000 	0.000000 	0.000000 	0.000000 	0.000000 	0.000000 	0.000000 	0.000000 	0.000000 	0.000000 	0.000000 	0.000000 	 
0.000000 	0.000000 	0.000000 	0.000000 	0.000000 	0.000000 	0.000000 	0.000000 	0.000000 	0.000000 	0.000000 	0.000000 	 
0.000000 	0.000000 	0.000000 	0.000000 	0.000000 	0.000000 	0.000000 	0.000000 	0.000000 	0.000000 	0.000000 	0.000000 	 
0.000000 	0.000000 	0.000000 	0.000000 	0.000000 	0.000000 	0.000000 	0.000000 	0.000000 	0.000000 	0.000000 	0.000000 	 
0.000000 	0.000000 	0.000000 	0.000000 	0.000000 	0.000000 	0.000000 	0.000000 	0.000000 	0.000000 	0.000000 	0.000000 	 
0.000000 	0.000000 	0.000000 	0.000000 	0.000000 	0.000000 	0.000000 	0.000000 	0.000000 	0.000000 	0.000000 	0.000000 	 
0.000000 	0.000000 	0.000000 	0.000000 	0.000000 	0.000000 	0.000000 	0.000000 	0.000000 	0.000000 	0.000000 	0.000000 	 
0.000000 	0.000000 	0.000000 	0.000000 	0.000000 	0.000000 	0.000000 	0.000000 	0.000000 	0.000000 	0.000000 	0.000000 	 
0.000000 	0.000000 	0.000000 	0.000000 	0.000000 	0.000000 	0.000000 	0.000000 	0.000000 	0.000000 	0.000000 	0.000000 	 
0.000000 	0.000000 	0.000000 	0.000000 	0.000000 	0.000000 	0.000000 	0.000000 	0.000000 	0.000000 	0.000000 	0.000000 	 
0.000000 	0.000000 	0.000000 	0.000000 	0.000000 	0.000000 	0.000000 	0.000000 	0.000000 	0.000000 	0.000000 	0.000000 	 
0.000000 	0.000000 	0.000000 	0.000000 	0.000000 	0.000000 	0.000000 	0.000000 	0.000000 	0.000000 	0.000000 	0.000000 	 
0.000000 	0.000000 	0.000000 	0.000000 	0.000000 	0.000000 	0.000000 	0.000000 	0.000000 	0.000000 	0.000000 	0.000000 	 
0.000000 	0.000000 	0.000000 	0.000000 	0.000000 	0.000000 	0.000000 	0.000000 	0.000000 	0.000000 	0.000000 	0.000000 	 
0.000000 	0.000000 	0.000000 	0.000000 	0.000000 	0.000000 	0.000000 	0.000000 	0.000000 	0.000000 	0.000000 	0.000000 	 
0.000000 	0.000000 	0.000000 	0.000000 	0.000000 	0.000000 	0.000000 	0.000000 	0.000000 	0.000000 	0.000000 	0.000000 	 
0.000000 	0.000000 	0.000000 	0.000000 	0.000000 	0.000000 	0.000000 	0.000000 	0.000000 	0.000000 	0.000000 	0.000000 	 
0.000000 	0.000000 	0.000000 	0.000000 	0.000000 	0.000000 	0.000000 	0.000000 	0.000000 	0.000000 	0.000000 	0.000000 	 
0.000000 	0.000000 	0.000000 	0.000000 	0.000000 	0.000000 	0.000000 	0.000000 	0.000000 	0.000000 	0.000000 	0.000000 	 
0.000000 	0.000000 	0.000000 	0.000000 	0.000000 	0.000000 	0.000000 	0.000000 	0.000000 	0.000000 	0.000000 	0.000000 	 
0.000000 	0.000000 	0.000000 	0.000000 	0.000000 	0.000000 	0.000000 	0.000000 	0.000000 	0.000000 	0.000000 	0.000000 	 
0.000000 	0.000000 	0.000000 	0.000000 	0.000000 	0.000000 	0.000000 	0.000000 	0.000000 	0.000000 	0.000000 	0.000000 	 
0.000000 	0.000000 	0.000000 	0.000000 	0.000000 	0.000000 	0.000000 	0.000000 	0.000000 	0.000000 	0.000000 	0.000000 	 
0.000000 	0.000000 	0.000000 	0.000000 	0.000000 	0.000000 	0.000000 	0.000000 	0.000000 	0.000000 	0.000000 	0.000000 	 
0.000000 	0.000000 	0.000000 	0.000000 	0.000000 	0.000000 	0.000000 	0.000000 	0.000000 	0.000000 	0.000000 	0.000000 	 
0.000000 	0.000000 	0.000000 	0.000000 	0.000000 	0.000000 	0.000000 	0.000000 	0.000000 	0.000000 	0.000000 	0.000000 	 
0.000000 	0.000000 	0.000000 	0.000000 	0.000000 	0.000000 	0.000000 	0.000000 	0.000000 	0.000000 	0.000000 	0.000000 	 
0.000000 	0.000000 	0.000000 	0.000000 	0.000000 	0.000000 	0.000000 	0.000000 	0.000000 	0.000000 	0.000000 	0.000000 	 
0.000000 	0.000000 	0.000000 	0.000000 	0.000000 	0.000000 	0.000000 	0.000000 	0.000000 	0.000000 	0.000000 	0.000000 	 
0.000000 	0.000000 	0.000000 	0.000000 	0.000000 	0.000000 	0.000000 	0.000000 	0.000000 	0.000000 	0.000000 	0.000000 	 
0.000000 	0.000000 	0.000000 	0.000000 	0.000000 	0.000000 	0.000000 	0.000000 	0.000000 	0.000000 	0.000000 	0.000000 	 
0.000000 	0.000000 	0.000000 	0.000000 	0.000000 	0.000000 	0.000000 	0.000000 	0.000000 	0.000000 	0.000000 	0.000000 	 
0.000000 	0.000000 	0.000000 	0.000000 	0.000000 	0.000000 	0.000000 	0.000000 	0.000000 	0.000000 	0.000000 	0.000000 	 
0.000000 	0.000000 	0.000000 	0.000000 	0.000000 	0.000000 	0.000000 	0.000000 	0.000000 	0.000000 	0.000000 	0.000000 	 
0.000000 	0.000000 	0.000000 	0.000000 	0.000000 	0.000000 	0.000000 	0.000000 	0.000000 	0.000000 	0.000000 	0.000000 	 
0.000000 	0.000000 	0.000000 	0.000000 	0.000000 	0.000000 	0.000000 	0.000000 	0.000000 	0.000000 	0.000000 	0.000000 	 
0.000000 	0.000000 	0.000000 	0.000000 	0.000000 	0.000000 	0.000000 	0.000000 	0.000000 	0.000000 	0.000000 	0.000000 	 
0.000000 	0.000000 	0.000000 	0.000000 	0.000000 	0.000000 	0.000000 	0.000000 	0.000000 	0.000000 	0.000000 	0.000000 	 
0.000000 	0.000000 	0.000000 	0.000000 	0.000000 	0.000000 	0.000000 	0.000000 	0.000000 	0.000000 	0.000000 	0.000000 	 
0.000000 	0.000000 	0.000000 	0.000000 	0.000000 	0.000000 	0.000000 	0.000000 	0.000000 	0.000000 	0.000000 	0.000000 	 
0.000000 	0.000000 	0.000000 	0.000000 	0.000000 	0.000000 	0.000000 	0.000000 	0.000000 	0.000000 	0.000000 	0.000000 	 
0.000000 	0.000000 	0.000000 	0.000000 	0.000000 	0.000000 	0.000000 	0.000000 	0.000000 	0.000000 	0.000000 	0.000000 	 
0.000000 	0.000000 	0.000000 	0.000000 	0.000000 	0.000000 	0.000000 	0.000000 	0.000000 	0.000000 	0.000000 	0.000000 	 
0.000000 	0.000000 	0.000000 	0.000000 	0.000000 	0.000000 	0.000000 	0.000000 	0.000000 	0.000000 	0.000000 	0.000000 	 
0.000000 	0.000000 	0.000000 	0.000000 	0.000000 	0.000000 	0.000000 	0.000000 	0.000000 	0.000000 	0.000000 	0.000000 	 
0.000000 	0.000000 	0.000000 	0.000000 	0.000000 	0.000000 	0.000000 	0.000000 	0.000000 	0.000000 	0.000000 	0.000000 	 
0.000000 	0.000000 	0.000000 	0.000000 	0.000000 	0.000000 	0.000000 	0.000000 	0.000000 	0.000000 	0.000000 	0.000000 	 
0.000000 	0.000000 	0.000000 	0.000000 	0.000000 	0.000000 	0.000000 	0.000000 	0.000000 	0.000000 	0.000000 	0.000000 	 
0.000000 	0.000000 	0.000000 	0.000000 	0.000000 	0.000000 	0.000000 	0.000000 	0.000000 	0.000000 	0.000000 	0.000000 	 
0.000000 	0.000000 	0.000000 	0.000000 	0.000000 	0.000000 	0.000000 	0.000000 	0.000000 	0.000000 	0.000000 	0.000000 	 
0.000000 	0.000000 	0.000000 	0.000000 	0.000000 	0.000000 	0.000000 	0.000000 	0.000000 	0.000000 	0.000000 	0.000000 	 
0.000000 	0.000000 	0.000000 	0.000000 	0.000000 	0.000000 	0.000000 	0.000000 	0.000000 	0.000000 	0.000000 	0.000000 	 
0.000000 	0.000000 	0.000000 	0.000000 	0.000000 	0.000000 	0.000000 	0.000000 	0.000000 	0.000000 	0.000000 	0.000000 	 
0.000000 	0.000000 	0.000000 	0.000000 	0.000000 	0.000000 	0.000000 	0.000000 	0.000000 	0.000000 	0.000000 	0.000000 	 
0.000000 	0.000000 	0.000000 	0.000000 	0.000000 	0.000000 	0.000000 	0.000000 	0.000000 	0.000000 	0.000000 	0.000000 	 
0.000000 	0.000000 	0.000000 	0.000000 	0.000000 	0.000000 	0.000000 	0.000000 	0.000000 	0.000000 	0.000000 	0.000000 	 
0.000000 	0.000000 	0.000000 	0.000000 	0.000000 	0.000000 	0.000000 	0.000000 	0.000000 	0.000000 	0.000000 	0.000000 	 
0.000000 	0.000000 	0.000000 	0.000000 	0.000000 	0.000000 	0.000000 	0.000000 	0.000000 	0.000000 	0.000000 	0.000000 	 
0.000000 	0.000000 	0.000000 	0.000000 	0.000000 	0.000000 	0.000000 	0.000000 	0.000000 	0.000000 	0.000000 	0.000000 	 
0.000000 	0.000000 	0.000000 	0.000000 	0.000000 	0.000000 	0.000000 	0.000000 	0.000000 	0.000000 	0.000000 	0.000000 	 
0.000000 	0.000000 	0.000000 	0.000000 	0.000000 	0.000000 	0.000000 	0.000000 	0.000000 	0.000000 	0.000000 	0.000000 	 
0.000000 	0.000000 	0.000000 	0.000000 	0.000000 	0.000000 	0.000000 	0.000000 	0.000000 	0.000000 	0.000000 	0.000000 	 
0.000000 	0.000000 	0.000000 	0.000000 	0.000000 	0.000000 	0.000000 	0.000000 	0.000000 	0.000000 	0.000000 	0.000000 	 
0.000000 	0.000000 	0.000000 	0.000000 	0.000000 	0.000000 	0.000000 	0.000000 	0.000000 	0.000000 	0.000000 	0.000000 	 
0.000000 	0.000000 	0.000000 	0.000000 	0.000000 	0.000000 	0.000000 	0.000000 	0.000000 	0.000000 	0.000000 	0.000000 	 
0.000000 	0.000000 	0.000000 	0.000000 	0.000000 	0.000000 	0.000000 	0.000000 	0.000000 	0.000000 	0.000000 	0.000000 	 
0.000000 	0.000000 	0.000000 	0.000000 	0.000000 	0.000000 	0.000000 	0.000000 	0.000000 	0.000000 	0.000000 	0.000000 	 
0.000000 	0.000000 	0.000000 	0.000000 	0.000000 	0.000000 	0.000000 	0.000000 	0.000000 	0.000000 	0.000000 	0.000000 	 
0.000000 	0.000000 	0.000000 	0.000000 	0.000000 	0.000000 	0.000000 	0.000000 	0.000000 	0.000000 	0.000000 	0.000000 	 
0.000000 	0.000000 	0.000000 	0.000000 	0.000000 	0.000000 	0.000000 	0.000000 	0.000000 	0.000000 	0.000000 	0.000000 	 
0.000000 	0.000000 	0.000000 	0.000000 	0.000000 	0.000000 	0.000000 	0.000000 	0.000000 	0.000000 	0.000000 	0.000000 	 
0.000000 	0.000000 	0.000000 	0.000000 	0.000000 	0.000000 	0.000000 	0.000000 	0.000000 	0.000000 	0.000000 	0.000000 	 
0.000000 	0.000000 	0.000000 	0.000000 	0.000000 	0.000000 	0.000000 	0.000000 	0.000000 	0.000000 	0.000000 	0.000000 	 
0.000000 	0.000000 	0.000000 	0.000000 	0.000000 	0.000000 	0.000000 	0.000000 	0.000000 	0.000000 	0.000000 	0.000000 	 
0.000000 	0.000000 	0.000000 	0.000000 	0.000000 	0.000000 	0.000000 	0.000000 	0.000000 	0.000000 	0.000000 	0.000000 	 
0.000000 	0.000000 	0.000000 	0.000000 	0.000000 	0.000000 	0.000000 	0.000000 	0.000000 	0.000000 	0.000000 	0.000000 	 
0.000000 	0.000000 	0.000000 	0.000000 	0.000000 	0.000000 	0.000000 	0.000000 	0.000000 	0.000000 	0.000000 	0.000000 	 
0.000000 	0.000000 	0.000000 	0.000000 	0.000000 	0.000000 	0.000000 	0.000000 	0.000000 	0.000000 	0.000000 	0.000000 	 
0.000000 	0.000000 	0.000000 	0.000000 	0.000000 	0.000000 	0.000000 	0.000000 	0.000000 	0.000000 	0.000000 	0.000000 	 
0.000000 	0.000000 	0.000000 	0.000000 	0.000000 	0.000000 	0.000000 	0.000000 	0.000000 	0.000000 	0.000000 	0.000000 	 
0.000000 	0.000000 	0.000000 	0.000000 	0.000000 	0.000000 	0.000000 	0.000000 	0.000000 	0.000000 	0.000000 	0.000000 	 
0.000000 	0.000000 	0.000000 	0.000000 	0.000000 	0.000000 	0.000000 	0.000000 	0.000000 	0.000000 	0.000000 	0.000000 	 
0.000000 	0.000000 	0.000000 	0.000000 	0.000000 	0.000000 	0.000000 	0.000000 	0.000000 	0.000000 	0.000000 	0.000000 	 
0.000000 	0.000000 	0.000000 	0.000000 	0.000000 	0.000000 	0.000000 	0.000000 	0.000000 	0.000000 	0.000000 	0.000000 	 
0.000000 	0.000000 	0.000000 	0.000000 	0.000000 	0.000000 	0.000000 	0.000000 	0.000000 	0.000000 	0.000000 	0.000000 	 
0.000000 	0.000000 	0.000000 	0.000000 	0.000000 	0.000000 	0.000000 	0.000000 	0.000000 	0.000000 	0.000000 	0.000000 	 
0.000000 	0.000000 	0.000000 	0.000000 	0.000000 	0.000000 	0.000000 	0.000000 	0.000000 	0.000000 	0.000000 	0.000000 	 
0.000000 	0.000000 	0.000000 	0.000000 	0.000000 	0.000000 	0.000000 	0.000000 	0.000000 	0.000000 	0.000000 	0.000000 	 
0.000000 	0.000000 	0.000000 	0.000000 	0.000000 	0.000000 	0.000000 	0.000000 	0.000000 	0.000000 	0.000000 	0.000000 	 
0.000000 	0.000000 	0.000000 	0.000000 	0.000000 	0.000000 	0.000000 	0.000000 	0.000000 	0.000000 	0.000000 	0.000000 	 
0.000000 	0.000000 	0.000000 	0.000000 	0.000000 	0.000000 	0.000000 	0.000000 	0.000000 	0.000000 	0.000000 	0.000000 	 
0.000000 	0.000000 	0.000000 	0.000000 	0.000000 	0.000000 	0.000000 	0.000000 	0.000000 	0.000000 	0.000000 	0.000000 	 
0.000000 	0.000000 	0.000000 	0.000000 	0.000000 	0.000000 	0.000000 	0.000000 	0.000000 	0.000000 	0.000000 	0.000000 	 
0.000000 	0.000000 	0.000000 	0.000000 	0.000000 	0.000000 	0.000000 	0.000000 	0.000000 	0.000000 	0.000000 	0.000000 	 
0.000000 	0.000000 	0.000000 	0.000000 	0.000000 	0.000000 	0.000000 	0.000000 	0.000000 	0.000000 	0.000000 	0.000000 	 
0.000000 	0.000000 	0.000000 	0.000000 	0.000000 	0.000000 	0.000000 	0.000000 	0.000000 	0.000000 	0.000000 	0.000000 	 
0.000000 	0.000000 	0.000000 	0.000000 	0.000000 	0.000000 	0.000000 	0.000000 	0.000000 	0.000000 	0.000000 	0.000000 	 
0.000000 	0.000000 	0.000000 	0.000000 	0.000000 	0.000000 	0.000000 	0.000000 	0.000000 	0.000000 	0.000000 	0.000000 	 
0.000000 	0.000000 	0.000000 	0.000000 	0.000000 	0.000000 	0.000000 	0.000000 	0.000000 	0.000000 	0.000000 	0.000000 	 
0.000000 	0.000000 	0.000000 	0.000000 	0.000000 	0.000000 	0.000000 	0.000000 	0.000000 	0.000000 	0.000000 	0.000000 	 
0.000000 	0.000000 	0.000000 	0.000000 	0.000000 	0.000000 	0.000000 	0.000000 	0.000000 	0.000000 	0.000000 	0.000000 	 
0.000000 	0.000000 	0.000000 	0.000000 	0.000000 	0.000000 	0.000000 	0.000000 	0.000000 	0.000000 	0.000000 	0.000000 	 
0.000000 	0.000000 	0.000000 	0.000000 	0.000000 	0.000000 	0.000000 	0.000000 	0.000000 	0.000000 	0.000000 	0.000000 	 
0.000000 	0.000000 	0.000000 	0.000000 	0.000000 	0.000000 	0.000000 	0.000000 	0.000000 	0.000000 	0.000000 	0.000000 	 
0.000000 	0.000000 	0.000000 	0.000000 	0.000000 	0.000000 	0.000000 	0.000000 	0.000000 	0.000000 	0.000000 	0.000000 	 
0.000000 	0.000000 	0.000000 	0.000000 	0.000000 	0.000000 	0.000000 	0.000000 	0.000000 	0.000000 	0.000000 	0.000000 	 
0.000000 	0.000000 	0.000000 	0.000000 	0.000000 	0.000000 	0.000000 	0.000000 	0.000000 	0.000000 	0.000000 	0.000000 	 
0.000000 	0.000000 	0.000000 	0.000000 	0.000000 	0.000000 	0.000000 	0.000000 	0.000000 	0.000000 	0.000000 	0.000000 	 
0.000000 	0.000000 	0.000000 	0.000000 	0.000000 	0.000000 	0.000000 	0.000000 	0.000000 	0.000000 	0.000000 	0.000000 	 
0.000000 	0.000000 	0.000000 	0.000000 	0.000000 	0.000000 	0.000000 	0.000000 	0.000000 	0.000000 	0.000000 	0.000000 	 
0.000000 	0.000000 	0.000000 	0.000000 	0.000000 	0.000000 	0.000000 	0.000000 	0.000000 	0.000000 	0.000000 	0.000000 	 
0.000000 	0.000000 	0.000000 	0.000000 	0.000000 	0.000000 	0.000000 	0.000000 	0.000000 	0.000000 	0.000000 	0.000000 	 
0.000000 	0.000000 	0.000000 	0.000000 	0.000000 	0.000000 	0.000000 	0.000000 	0.000000 	0.000000 	0.000000 	0.000000 	 
0.000000 	0.000000 	0.000000 	0.000000 	0.000000 	0.000000 	0.000000 	0.000000 	0.000000 	0.000000 	0.000000 	0.000000 	 
0.000000 	0.000000 	0.000000 	0.000000 	0.000000 	0.000000 	0.000000 	0.000000 	0.000000 	0.000000 	0.000000 	0.000000 	 
0.000000 	0.000000 	0.000000 	0.000000 	0.000000 	0.000000 	0.000000 	0.000000 	0.000000 	0.000000 	0.000000 	0.000000 	 
0.000000 	0.000000 	0.000000 	0.000000 	0.000000 	0.000000 	0.000000 	0.000000 	0.000000 	0.000000 	0.000000 	0.000000 	 
0.000000 	0.000000 	0.000000 	0.000000 	0.000000 	0.000000 	0.000000 	0.000000 	0.000000 	0.000000 	0.000000 	0.000000 	 
0.000000 	0.000000 	0.000000 	0.000000 	0.000000 	0.000000 	0.000000 	0.000000 	0.000000 	0.000000 	0.000000 	0.000000 	 
0.000000 	0.000000 	0.000000 	0.000000 	0.000000 	0.000000 	0.000000 	0.000000 	0.000000 	0.000000 	0.000000 	0.000000 	 
0.000000 	0.000000 	0.000000 	0.000000 	0.000000 	0.000000 	0.000000 	0.000000 	0.000000 	0.000000 	0.000000 	0.000000 	 
0.000000 	0.000000 	0.000000 	0.000000 	0.000000 	0.000000 	0.000000 	0.000000 	0.000000 	0.000000 	0.000000 	0.000000 	 
0.000000 	0.000000 	0.000000 	0.000000 	0.000000 	0.000000 	0.000000 	0.000000 	0.000000 	0.000000 	0.000000 	0.000000 	 
0.000000 	0.000000 	0.000000 	0.000000 	0.000000 	0.000000 	0.000000 	0.000000 	0.000000 	0.000000 	0.000000 	0.000000 	 
0.000000 	0.000000 	0.000000 	0.000000 	0.000000 	0.000000 	0.000000 	0.000000 	0.000000 	0.000000 	0.000000 	0.000000 	 
0.000000 	0.000000 	0.000000 	0.000000 	0.000000 	0.000000 	0.000000 	0.000000 	0.000000 	0.000000 	0.000000 	0.000000 	 
0.000000 	0.000000 	0.000000 	0.000000 	0.000000 	0.000000 	0.000000 	0.000000 	0.000000 	0.000000 	0.000000 	0.000000 	 
0.000000 	0.000000 	0.000000 	0.000000 	0.000000 	0.000000 	0.000000 	0.000000 	0.000000 	0.000000 	0.000000 	0.000000 	 
0.000000 	0.000000 	0.000000 	0.000000 	0.000000 	0.000000 	0.000000 	0.000000 	0.000000 	0.000000 	0.000000 	0.000000 	 
0.000000 	0.000000 	0.000000 	0.000000 	0.000000 	0.000000 	0.000000 	0.000000 	0.000000 	0.000000 	0.000000 	0.000000 	 
0.000000 	0.000000 	0.000000 	0.000000 	0.000000 	0.000000 	0.000000 	0.000000 	0.000000 	0.000000 	0.000000 	0.000000 	 
0.000000 	0.000000 	0.000000 	0.000000 	0.000000 	0.000000 	0.000000 	0.000000 	0.000000 	0.000000 	0.000000 	0.000000 	 
0.000000 	0.000000 	0.000000 	0.000000 	0.000000 	0.000000 	0.000000 	0.000000 	0.000000 	0.000000 	0.000000 	0.000000 	 
0.000000 	0.000000 	0.000000 	0.000000 	0.000000 	0.000000 	0.000000 	0.000000 	0.000000 	0.000000 	0.000000 	0.000000 	 
0.000000 	0.000000 	0.000000 	0.000000 	0.000000 	0.000000 	0.000000 	0.000000 	0.000000 	0.000000 	0.000000 	0.000000 	 
0.000000 	0.000000 	0.000000 	0.000000 	0.000000 	0.000000 	0.000000 	0.000000 	0.000000 	0.000000 	0.000000 	0.000000 	 
0.000000 	0.000000 	0.000000 	0.000000 	0.000000 	0.000000 	0.000000 	0.000000 	0.000000 	0.000000 	0.000000 	0.000000 	 
0.000000 	0.000000 	0.000000 	0.000000 	0.000000 	0.000000 	0.000000 	0.000000 	0.000000 	0.000000 	0.000000 	0.000000 	 
0.000000 	0.000000 	0.000000 	0.000000 	0.000000 	0.000000 	0.000000 	0.000000 	0.000000 	0.000000 	0.000000 	0.000000 	 
0.000000 	0.000000 	0.000000 	0.000000 	0.000000 	0.000000 	0.000000 	0.000000 	0.000000 	0.000000 	0.000000 	0.000000 	 
0.000000 	0.000000 	0.000000 	0.000000 	0.000000 	0.000000 	0.000000 	0.000000 	0.000000 	0.000000 	0.000000 	0.000000 	 
0.000000 	0.000000 	0.000000 	0.000000 	0.000000 	0.000000 	0.000000 	0.000000 	0.000000 	0.000000 	0.000000 	0.000000 	 
0.000000 	0.000000 	0.000000 	0.000000 	0.000000 	0.000000 	0.000000 	0.000000 	0.000000 	0.000000 	0.000000 	0.000000 	 
0.000000 	0.000000 	0.000000 	0.000000 	0.000000 	0.000000 	0.000000 	0.000000 	0.000000 	0.000000 	0.000000 	0.000000 	 
0.000000 	0.000000 	0.000000 	0.000000 	0.000000 	0.000000 	0.000000 	0.000000 	0.000000 	0.000000 	0.000000 	0.000000 	 
0.000000 	0.000000 	0.000000 	0.000000 	0.000000 	0.000000 	0.000000 	0.000000 	0.000000 	0.000000 	0.000000 	0.000000 	 
0.000000 	0.000000 	0.000000 	0.000000 	0.000000 	0.000000 	0.000000 	0.000000 	0.000000 	0.000000 	0.000000 	0.000000 	 
0.000000 	0.000000 	0.000000 	0.000000 	0.000000 	0.000000 	0.000000 	0.000000 	0.000000 	0.000000 	0.000000 	0.000000 	 
0.000000 	0.000000 	0.000000 	0.000000 	0.000000 	0.000000 	0.000000 	0.000000 	0.000000 	0.000000 	0.000000 	0.000000 	 
0.000000 	0.000000 	0.000000 	0.000000 	0.000000 	0.000000 	0.000000 	0.000000 	0.000000 	0.000000 	0.000000 	0.000000 	 
0.000000 	0.000000 	0.000000 	0.000000 	0.000000 	0.000000 	0.000000 	0.000000 	0.000000 	0.000000 	0.000000 	0.000000 	 
0.000000 	0.000000 	0.000000 	0.000000 	0.000000 	0.000000 	0.000000 	0.000000 	0.000000 	0.000000 	0.000000 	0.000000 	 
0.000000 	0.000000 	0.000000 	0.000000 	0.000000 	0.000000 	0.000000 	0.000000 	0.000000 	0.000000 	0.000000 	0.000000 	 
0.000000 	0.000000 	0.000000 	0.000000 	0.000000 	0.000000 	0.000000 	0.000000 	0.000000 	0.000000 	0.000000 	0.000000 	 
0.000000 	0.000000 	0.000000 	0.000000 	0.000000 	0.000000 	0.000000 	0.000000 	0.000000 	0.000000 	0.000000 	0.000000 	 
0.000000 	0.000000 	0.000000 	0.000000 	0.000000 	0.000000 	0.000000 	0.000000 	0.000000 	0.000000 	0.000000 	0.000000 	 
0.000000 	0.000000 	0.000000 	0.000000 	0.000000 	0.000000 	0.000000 	0.000000 	0.000000 	0.000000 	0.000000 	0.000000 	 
0.000000 	0.000000 	0.000000 	0.000000 	0.000000 	0.000000 	0.000000 	0.000000 	0.000000 	0.000000 	0.000000 	0.000000 	 
0.000000 	0.000000 	0.000000 	0.000000 	0.000000 	0.000000 	0.000000 	0.000000 	0.000000 	0.000000 	0.000000 	0.000000 	 
0.000000 	0.000000 	0.000000 	0.000000 	0.000000 	0.000000 	0.000000 	0.000000 	0.000000 	0.000000 	0.000000 	0.000000 	 
0.000000 	0.000000 	0.000000 	0.000000 	0.000000 	0.000000 	0.000000 	0.000000 	0.000000 	0.000000 	0.000000 	0.000000 	 
0.000000 	0.000000 	0.000000 	0.000000 	0.000000 	0.000000 	0.000000 	0.000000 	0.000000 	0.000000 	0.000000 	0.000000 	 
0.000000 	0.000000 	0.000000 	0.000000 	0.000000 	0.000000 	0.000000 	0.000000 	0.000000 	0.000000 	0.000000 	0.000000 	 
0.000000 	0.000000 	0.000000 	0.000000 	0.000000 	0.000000 	0.000000 	0.000000 	0.000000 	0.000000 	0.000000 	0.000000 	 
0.000000 	0.000000 	0.000000 	0.000000 	0.000000 	0.000000 	0.000000 	0.000000 	0.000000 	0.000000 	0.000000 	0.000000 	 
0.000000 	0.000000 	0.000000 	0.000000 	0.000000 	0.000000 	0.000000 	0.000000 	0.000000 	0.000000 	0.000000 	0.000000 	 
0.000000 	0.000000 	0.000000 	0.000000 	0.000000 	0.000000 	0.000000 	0.000000 	0.000000 	0.000000 	0.000000 	0.000000 	 
0.000000 	0.000000 	0.000000 	0.000000 	0.000000 	0.000000 	0.000000 	0.000000 	0.000000 	0.000000 	0.000000 	0.000000 	 
0.000000 	0.000000 	0.000000 	0.000000 	0.000000 	0.000000 	0.000000 	0.000000 	0.000000 	0.000000 	0.000000 	0.000000 	 
0.000000 	0.000000 	0.000000 	0.000000 	0.000000 	0.000000 	0.000000 	0.000000 	0.000000 	0.000000 	0.000000 	0.000000 	 
0.000000 	0.000000 	0.000000 	0.000000 	0.000000 	0.000000 	0.000000 	0.000000 	0.000000 	0.000000 	0.000000 	0.000000 	 
0.000000 	0.000000 	0.000000 	0.000000 	0.000000 	0.000000 	0.000000 	0.000000 	0.000000 	0.000000 	0.000000 	0.000000 	 
0.000000 	0.000000 	0.000000 	0.000000 	0.000000 	0.000000 	0.000000 	0.000000 	0.000000 	0.000000 	0.000000 	0.000000 	 
0.000000 	0.000000 	0.000000 	0.000000 	0.000000 	0.000000 	0.000000 	0.000000 	0.000000 	0.000000 	0.000000 	0.000000 	 
0.000000 	0.000000 	0.000000 	0.000000 	0.000000 	0.000000 	0.000000 	0.000000 	0.000000 	0.000000 	0.000000 	0.000000 	 
0.000000 	0.000000 	0.000000 	0.000000 	0.000000 	0.000000 	0.000000 	0.000000 	0.000000 	0.000000 	0.000000 	0.000000 	 
0.000000 	0.000000 	0.000000 	0.000000 	0.000000 	0.000000 	0.000000 	0.000000 	0.000000 	0.000000 	0.000000 	0.000000 	 
0.000000 	0.000000 	0.000000 	0.000000 	0.000000 	0.000000 	0.000000 	0.000000 	0.000000 	0.000000 	0.000000 	0.000000 	 
0.000000 	0.000000 	0.000000 	0.000000 	0.000000 	0.000000 	0.000000 	0.000000 	0.000000 	0.000000 	0.000000 	0.000000 	 
0.000000 	0.000000 	0.000000 	0.000000 	0.000000 	0.000000 	0.000000 	0.000000 	0.000000 	0.000000 	0.000000 	0.000000 	 
0.000000 	0.000000 	0.000000 	0.000000 	0.000000 	0.000000 	0.000000 	0.000000 	0.000000 	0.000000 	0.000000 	0.000000 	 
0.000000 	0.000000 	0.000000 	0.000000 	0.000000 	0.000000 	0.000000 	0.000000 	0.000000 	0.000000 	0.000000 	0.000000 	 
0.000000 	0.000000 	0.000000 	0.000000 	0.000000 	0.000000 	0.000000 	0.000000 	0.000000 	0.000000 	0.000000 	0.000000 	 
0.000000 	0.000000 	0.000000 	0.000000 	0.000000 	0.000000 	0.000000 	0.000000 	0.000000 	0.000000 	0.000000 	0.000000 	 
0.000000 	0.000000 	0.000000 	0.000000 	0.000000 	0.000000 	0.000000 	0.000000 	0.000000 	0.000000 	0.000000 	0.000000 	 
0.000000 	0.000000 	0.000000 	0.000000 	0.000000 	0.000000 	0.000000 	0.000000 	0.000000 	0.000000 	0.000000 	0.000000 	 
0.000000 	0.000000 	0.000000 	0.000000 	0.000000 	0.000000 	0.000000 	0.000000 	0.000000 	0.000000 	0.000000 	0.000000 	 
0.000000 	0.000000 	0.000000 	0.000000 	0.000000 	0.000000 	0.000000 	0.000000 	0.000000 	0.000000 	0.000000 	0.000000 	 
0.000000 	0.000000 	0.000000 	0.000000 	0.000000 	0.000000 	0.000000 	0.000000 	0.000000 	0.000000 	0.000000 	0.000000 	 
0.000000 	0.000000 	0.000000 	0.000000 	0.000000 	0.000000 	0.000000 	0.000000 	0.000000 	0.000000 	0.000000 	0.000000 	 
0.000000 	0.000000 	0.000000 	0.000000 	0.000000 	0.000000 	0.000000 	0.000000 	0.000000 	0.000000 	0.000000 	0.000000 	 
0.000000 	0.000000 	0.000000 	0.000000 	0.000000 	0.000000 	0.000000 	0.000000 	0.000000 	0.000000 	0.000000 	0.000000 	 
0.000000 	0.000000 	0.000000 	0.000000 	0.000000 	0.000000 	0.000000 	0.000000 	0.000000 	0.000000 	0.000000 	0.000000 	 
0.000000 	0.000000 	0.000000 	0.000000 	0.000000 	0.000000 	0.000000 	0.000000 	0.000000 	0.000000 	0.000000 	0.000000 	 
0.000000 	0.000000 	0.000000 	0.000000 	0.000000 	0.000000 	0.000000 	0.000000 	0.000000 	0.000000 	0.000000 	0.000000 	 
0.000000 	0.000000 	0.000000 	0.000000 	0.000000 	0.000000 	0.000000 	0.000000 	0.000000 	0.000000 	0.000000 	0.000000 	 
0.000000 	0.000000 	0.000000 	0.000000 	0.000000 	0.000000 	0.000000 	0.000000 	0.000000 	0.000000 	0.000000 	0.000000 	 
0.000000 	0.000000 	0.000000 	0.000000 	0.000000 	0.000000 	0.000000 	0.000000 	0.000000 	0.000000 	0.000000 	0.000000 	 
0.000000 	0.000000 	0.000000 	0.000000 	0.000000 	0.000000 	0.000000 	0.000000 	0.000000 	0.000000 	0.000000 	0.000000 	 
0.000000 	0.000000 	0.000000 	0.000000 	0.000000 	0.000000 	0.000000 	0.000000 	0.000000 	0.000000 	0.000000 	0.000000 	 
0.000000 	0.000000 	0.000000 	0.000000 	0.000000 	0.000000 	0.000000 	0.000000 	0.000000 	0.000000 	0.000000 	0.000000 	 
0.000000 	0.000000 	0.000000 	0.000000 	0.000000 	0.000000 	0.000000 	0.000000 	0.000000 	0.000000 	0.000000 	0.000000 	 
0.000000 	0.000000 	0.000000 	0.000000 	0.000000 	0.000000 	0.000000 	0.000000 	0.000000 	0.000000 	0.000000 	0.000000 	 
0.000000 	0.000000 	0.000000 	0.000000 	0.000000 	0.000000 	0.000000 	0.000000 	0.000000 	0.000000 	0.000000 	0.000000 	 
0.000000 	0.000000 	0.000000 	0.000000 	0.000000 	0.000000 	0.000000 	0.000000 	0.000000 	0.000000 	0.000000 	0.000000 	 
0.000000 	0.000000 	0.000000 	0.000000 	0.000000 	0.000000 	0.000000 	0.000000 	0.000000 	0.000000 	0.000000 	0.000000 	 
0.000000 	0.000000 	0.000000 	0.000000 	0.000000 	0.000000 	0.000000 	0.000000 	0.000000 	0.000000 	0.000000 	0.000000 	 
0.000000 	0.000000 	0.000000 	0.000000 	0.000000 	0.000000 	0.000000 	0.000000 	0.000000 	0.000000 	0.000000 	0.000000 	 
0.000000 	0.000000 	0.000000 	0.000000 	0.000000 	0.000000 	0.000000 	0.000000 	0.000000 	0.000000 	0.000000 	0.000000 	 
0.000000 	0.000000 	0.000000 	0.000000 	0.000000 	0.000000 	0.000000 	0.000000 	0.000000 	0.000000 	0.000000 	0.000000 	 
0.000000 	0.000000 	0.000000 	0.000000 	0.000000 	0.000000 	0.000000 	0.000000 	0.000000 	0.000000 	0.000000 	0.000000 	 
0.000000 	0.000000 	0.000000 	0.000000 	0.000000 	0.000000 	0.000000 	0.000000 	0.000000 	0.000000 	0.000000 	0.000000 	 
0.000000 	0.000000 	0.000000 	0.000000 	0.000000 	0.000000 	0.000000 	0.000000 	0.000000 	0.000000 	0.000000 	0.000000 	 
0.000000 	0.000000 	0.000000 	0.000000 	0.000000 	0.000000 	0.000000 	0.000000 	0.000000 	0.000000 	0.000000 	0.000000 	 
0.000000 	0.000000 	0.000000 	0.000000 	0.000000 	0.000000 	0.000000 	0.000000 	0.000000 	0.000000 	0.000000 	0.000000 	 
0.000000 	0.000000 	0.000000 	0.000000 	0.000000 	0.000000 	0.000000 	0.000000 	0.000000 	0.000000 	0.000000 	0.000000 	 
0.000000 	0.000000 	0.000000 	0.000000 	0.000000 	0.000000 	0.000000 	0.000000 	0.000000 	0.000000 	0.000000 	0.000000 	 
0.000000 	0.000000 	0.000000 	0.000000 	0.000000 	0.000000 	0.000000 	0.000000 	0.000000 	0.000000 	0.000000 	0.000000 	 
0.000000 	0.000000 	0.000000 	0.000000 	0.000000 	0.000000 	0.000000 	0.000000 	0.000000 	0.000000 	0.000000 	0.000000 	 
0.000000 	0.000000 	0.000000 	0.000000 	0.000000 	0.000000 	0.000000 	0.000000 	0.000000 	0.000000 	0.000000 	0.000000 	 
0.000000 	0.000000 	0.000000 	0.000000 	0.000000 	0.000000 	0.000000 	0.000000 	0.000000 	0.000000 	0.000000 	0.000000 	 
0.000000 	0.000000 	0.000000 	0.000000 	0.000000 	0.000000 	0.000000 	0.000000 	0.000000 	0.000000 	0.000000 	0.000000 	 
0.000000 	0.000000 	0.000000 	0.000000 	0.000000 	0.000000 	0.000000 	0.000000 	0.000000 	0.000000 	0.000000 	0.000000 	 
0.000000 	0.000000 	0.000000 	0.000000 	0.000000 	0.000000 	0.000000 	0.000000 	0.000000 	0.000000 	0.000000 	0.000000 	 
0.000000 	0.000000 	0.000000 	0.000000 	0.000000 	0.000000 	0.000000 	0.000000 	0.000000 	0.000000 	0.000000 	0.000000 	 
0.000000 	0.000000 	0.000000 	0.000000 	0.000000 	0.000000 	0.000000 	0.000000 	0.000000 	0.000000 	0.000000 	0.000000 	 
0.000000 	0.000000 	0.000000 	0.000000 	0.000000 	0.000000 	0.000000 	0.000000 	0.000000 	0.000000 	0.000000 	0.000000 	 
0.000000 	0.000000 	0.000000 	0.000000 	0.000000 	0.000000 	0.000000 	0.000000 	0.000000 	0.000000 	0.000000 	0.000000 	 
0.000000 	0.000000 	0.000000 	0.000000 	0.000000 	0.000000 	0.000000 	0.000000 	0.000000 	0.000000 	0.000000 	0.000000 	 
0.000000 	0.000000 	0.000000 	0.000000 	0.000000 	0.000000 	0.000000 	0.000000 	0.000000 	0.000000 	0.000000 	0.000000 	 
0.000000 	0.000000 	0.000000 	0.000000 	0.000000 	0.000000 	0.000000 	0.000000 	0.000000 	0.000000 	0.000000 	0.000000 	 
0.000000 	0.000000 	0.000000 	0.000000 	0.000000 	0.000000 	0.000000 	0.000000 	0.000000 	0.000000 	0.000000 	0.000000 	 
0.000000 	0.000000 	0.000000 	0.000000 	0.000000 	0.000000 	0.000000 	0.000000 	0.000000 	0.000000 	0.000000 	0.000000 	 
0.000000 	0.000000 	0.000000 	0.000000 	0.000000 	0.000000 	0.000000 	0.000000 	0.000000 	0.000000 	0.000000 	0.000000 	 
0.000000 	0.000000 	0.000000 	0.000000 	0.000000 	0.000000 	0.000000 	0.000000 	0.000000 	0.000000 	0.000000 	0.000000 	 
0.000000 	0.000000 	0.000000 	0.000000 	0.000000 	0.000000 	0.000000 	0.000000 	0.000000 	0.000000 	0.000000 	0.000000 	 
0.000000 	0.000000 	0.000000 	0.000000 	0.000000 	0.000000 	0.000000 	0.000000 	0.000000 	0.000000 	0.000000 	0.000000 	 
0.000000 	0.000000 	0.000000 	0.000000 	0.000000 	0.000000 	0.000000 	0.000000 	0.000000 	0.000000 	0.000000 	0.000000 	 
0.000000 	0.000000 	0.000000 	0.000000 	0.000000 	0.000000 	0.000000 	0.000000 	0.000000 	0.000000 	0.000000 	0.000000 	 
0.000000 	0.000000 	0.000000 	0.000000 	0.000000 	0.000000 	0.000000 	0.000000 	0.000000 	0.000000 	0.000000 	0.000000 	 
0.000000 	0.000000 	0.000000 	0.000000 	0.000000 	0.000000 	0.000000 	0.000000 	0.000000 	0.000000 	0.000000 	0.000000 	 
0.000000 	0.000000 	0.000000 	0.000000 	0.000000 	0.000000 	0.000000 	0.000000 	0.000000 	0.000000 	0.000000 	0.000000 	 
0.000000 	0.000000 	0.000000 	0.000000 	0.000000 	0.000000 	0.000000 	0.000000 	0.000000 	0.000000 	0.000000 	0.000000 	 
0.000000 	0.000000 	0.000000 	0.000000 	0.000000 	0.000000 	0.000000 	0.000000 	0.000000 	0.000000 	0.000000 	0.000000 	 
0.000000 	0.000000 	0.000000 	0.000000 	0.000000 	0.000000 	0.000000 	0.000000 	0.000000 	0.000000 	0.000000 	0.000000 	 
0.000000 	0.000000 	0.000000 	0.000000 	0.000000 	0.000000 	0.000000 	0.000000 	0.000000 	0.000000 	0.000000 	0.000000 	 
0.000000 	0.000000 	0.000000 	0.000000 	0.000000 	0.000000 	0.000000 	0.000000 	0.000000 	0.000000 	0.000000 	0.000000 	 
0.000000 	0.000000 	0.000000 	0.000000 	0.000000 	0.000000 	0.000000 	0.000000 	0.000000 	0.000000 	0.000000 	0.000000 	 
0.000000 	0.000000 	0.000000 	0.000000 	0.000000 	0.000000 	0.000000 	0.000000 	0.000000 	0.000000 	0.000000 	0.000000 	 
0.000000 	0.000000 	0.000000 	0.000000 	0.000000 	0.000000 	0.000000 	0.000000 	0.000000 	0.000000 	0.000000 	0.000000 	 
0.000000 	0.000000 	0.000000 	0.000000 	0.000000 	0.000000 	0.000000 	0.000000 	0.000000 	0.000000 	0.000000 	0.000000 	 
0.000000 	0.000000 	0.000000 	0.000000 	0.000000 	0.000000 	0.000000 	0.000000 	0.000000 	0.000000 	0.000000 	0.000000 	 
0.000000 	0.000000 	0.000000 	0.000000 	0.000000 	0.000000 	0.000000 	0.000000 	0.000000 	0.000000 	0.000000 	0.000000 	 
0.000000 	0.000000 	0.000000 	0.000000 	0.000000 	0.000000 	0.000000 	0.000000 	0.000000 	0.000000 	0.000000 	0.000000 	 
0.000000 	0.000000 	0.000000 	0.000000 	0.000000 	0.000000 	0.000000 	0.000000 	0.000000 	0.000000 	0.000000 	0.000000 	 
0.000000 	0.000000 	0.000000 	0.000000 	0.000000 	0.000000 	0.000000 	0.000000 	0.000000 	0.000000 	0.000000 	0.000000 	 
0.000000 	0.000000 	0.000000 	0.000000 	0.000000 	0.000000 	0.000000 	0.000000 	0.000000 	0.000000 	0.000000 	0.000000 	 
0.000000 	0.000000 	0.000000 	0.000000 	0.000000 	0.000000 	0.000000 	0.000000 	0.000000 	0.000000 	0.000000 	0.000000 	 
0.000000 	0.000000 	0.000000 	0.000000 	0.000000 	0.000000 	0.000000 	0.000000 	0.000000 	0.000000 	0.000000 	0.000000 	 
0.000000 	0.000000 	0.000000 	0.000000 	0.000000 	0.000000 	0.000000 	0.000000 	0.000000 	0.000000 	0.000000 	0.000000 	 
0.000000 	0.000000 	0.000000 	0.000000 	0.000000 	0.000000 	0.000000 	0.000000 	0.000000 	0.000000 	0.000000 	0.000000 	 
0.000000 	0.000000 	0.000000 	0.000000 	0.000000 	0.000000 	0.000000 	0.000000 	0.000000 	0.000000 	0.000000 	0.000000 	 
0.000000 	0.000000 	0.000000 	0.000000 	0.000000 	0.000000 	0.000000 	0.000000 	0.000000 	0.000000 	0.000000 	0.000000 	 
0.000000 	0.000000 	0.000000 	0.000000 	0.000000 	0.000000 	0.000000 	0.000000 	0.000000 	0.000000 	0.000000 	0.000000 	 
0.000000 	0.000000 	0.000000 	0.000000 	0.000000 	0.000000 	0.000000 	0.000000 	0.000000 	0.000000 	0.000000 	0.000000 	 
0.000000 	0.000000 	0.000000 	0.000000 	0.000000 	0.000000 	0.000000 	0.000000 	0.000000 	0.000000 	0.000000 	0.000000 	 
0.000000 	0.000000 	0.000000 	0.000000 	0.000000 	0.000000 	0.000000 	0.000000 	0.000000 	0.000000 	0.000000 	0.000000 	 
0.000000 	0.000000 	0.000000 	0.000000 	0.000000 	0.000000 	0.000000 	0.000000 	0.000000 	0.000000 	0.000000 	0.000000 	 
0.000000 	0.000000 	0.000000 	0.000000 	0.000000 	0.000000 	0.000000 	0.000000 	0.000000 	0.000000 	0.000000 	0.000000 	 
0.000000 	0.000000 	0.000000 	0.000000 	0.000000 	0.000000 	0.000000 	0.000000 	0.000000 	0.000000 	0.000000 	0.000000 	 
0.000000 	0.000000 	0.000000 	0.000000 	0.000000 	0.000000 	0.000000 	0.000000 	0.000000 	0.000000 	0.000000 	0.000000 	 
0.000000 	0.000000 	0.000000 	0.000000 	0.000000 	0.000000 	0.000000 	0.000000 	0.000000 	0.000000 	0.000000 	0.000000 	 
0.000000 	0.000000 	0.000000 	0.000000 	0.000000 	0.000000 	0.000000 	0.000000 	0.000000 	0.000000 	0.000000 	0.000000 	 
0.000000 	0.000000 	0.000000 	0.000000 	0.000000 	0.000000 	0.000000 	0.000000 	0.000000 	0.000000 	0.000000 	0.000000 	 
0.000000 	0.000000 	0.000000 	0.000000 	0.000000 	0.000000 	0.000000 	0.000000 	0.000000 	0.000000 	0.000000 	0.000000 	 
0.000000 	0.000000 	0.000000 	0.000000 	0.000000 	0.000000 	0.000000 	0.000000 	0.000000 	0.000000 	0.000000 	0.000000 	 
0.000000 	0.000000 	0.000000 	0.000000 	0.000000 	0.000000 	0.000000 	0.000000 	0.000000 	0.000000 	0.000000 	0.000000 	 
0.000000 	0.000000 	0.000000 	0.000000 	0.000000 	0.000000 	0.000000 	0.000000 	0.000000 	0.000000 	0.000000 	0.000000 	 
0.000000 	0.000000 	0.000000 	0.000000 	0.000000 	0.000000 	0.000000 	0.000000 	0.000000 	0.000000 	0.000000 	0.000000 	 
0.000000 	0.000000 	0.000000 	0.000000 	0.000000 	0.000000 	0.000000 	0.000000 	0.000000 	0.000000 	0.000000 	0.000000 	 
0.000000 	0.000000 	0.000000 	0.000000 	0.000000 	0.000000 	0.000000 	0.000000 	0.000000 	0.000000 	0.000000 	0.000000 	 
0.000000 	0.000000 	0.000000 	0.000000 	0.000000 	0.000000 	0.000000 	0.000000 	0.000000 	0.000000 	0.000000 	0.000000 	 
0.000000 	0.000000 	0.000000 	0.000000 	0.000000 	0.000000 	0.000000 	0.000000 	0.000000 	0.000000 	0.000000 	0.000000 	 
0.000000 	0.000000 	0.000000 	0.000000 	0.000000 	0.000000 	0.000000 	0.000000 	0.000000 	0.000000 	0.000000 	0.000000 	 
0.000000 	0.000000 	0.000000 	0.000000 	0.000000 	0.000000 	0.000000 	0.000000 	0.000000 	0.000000 	0.000000 	0.000000 	 
0.000000 	0.000000 	0.000000 	0.000000 	0.000000 	0.000000 	0.000000 	0.000000 	0.000000 	0.000000 	0.000000 	0.000000 	 
0.000000 	0.000000 	0.000000 	0.000000 	0.000000 	0.000000 	0.000000 	0.000000 	0.000000 	0.000000 	0.000000 	0.000000 	 
0.000000 	0.000000 	0.000000 	0.000000 	0.000000 	0.000000 	0.000000 	0.000000 	0.000000 	0.000000 	0.000000 	0.000000 	 
0.000000 	0.000000 	0.000000 	0.000000 	0.000000 	0.000000 	0.000000 	0.000000 	0.000000 	0.000000 	0.000000 	0.000000 	 
0.000000 	0.000000 	0.000000 	0.000000 	0.000000 	0.000000 	0.000000 	0.000000 	0.000000 	0.000000 	0.000000 	0.000000 	 
0.000000 	0.000000 	0.000000 	0.000000 	0.000000 	0.000000 	0.000000 	0.000000 	0.000000 	0.000000 	0.000000 	0.000000 	 
0.000000 	0.000000 	0.000000 	0.000000 	0.000000 	0.000000 	0.000000 	0.000000 	0.000000 	0.000000 	0.000000 	0.000000 	 
0.000000 	0.000000 	0.000000 	0.000000 	0.000000 	0.000000 	0.000000 	0.000000 	0.000000 	0.000000 	0.000000 	0.000000 	 
0.000000 	0.000000 	0.000000 	0.000000 	0.000000 	0.000000 	0.000000 	0.000000 	0.000000 	0.000000 	0.000000 	0.000000 	 
0.000000 	0.000000 	0.000000 	0.000000 	0.000000 	0.000000 	0.000000 	0.000000 	0.000000 	0.000000 	0.000000 	0.000000 	 
0.000000 	0.000000 	0.000000 	0.000000 	0.000000 	0.000000 	0.000000 	0.000000 	0.000000 	0.000000 	0.000000 	0.000000 	 
0.000000 	0.000000 	0.000000 	0.000000 	0.000000 	0.000000 	0.000000 	0.000000 	0.000000 	0.000000 	0.000000 	0.000000 	 
0.000000 	0.000000 	0.000000 	0.000000 	0.000000 	0.000000 	0.000000 	0.000000 	0.000000 	0.000000 	0.000000 	0.000000 	 
0.000000 	0.000000 	0.000000 	0.000000 	0.000000 	0.000000 	0.000000 	0.000000 	0.000000 	0.000000 	0.000000 	0.000000 	 
0.000000 	0.000000 	0.000000 	0.000000 	0.000000 	0.000000 	0.000000 	0.000000 	0.000000 	0.000000 	0.000000 	0.000000 	 
0.000000 	0.000000 	0.000000 	0.000000 	0.000000 	0.000000 	0.000000 	0.000000 	0.000000 	0.000000 	0.000000 	0.000000 	 
0.000000 	0.000000 	0.000000 	0.000000 	0.000000 	0.000000 	0.000000 	0.000000 	0.000000 	0.000000 	0.000000 	0.000000 	 
0.000000 	0.000000 	0.000000 	0.000000 	0.000000 	0.000000 	0.000000 	0.000000 	0.000000 	0.000000 	0.000000 	0.000000 	 
0.000000 	0.000000 	0.000000 	0.000000 	0.000000 	0.000000 	0.000000 	0.000000 	0.000000 	0.000000 	0.000000 	0.000000 	 
0.000000 	0.000000 	0.000000 	0.000000 	0.000000 	0.000000 	0.000000 	0.000000 	0.000000 	0.000000 	0.000000 	0.000000 	 
0.000000 	0.000000 	0.000000 	0.000000 	0.000000 	0.000000 	0.000000 	0.000000 	0.000000 	0.000000 	0.000000 	0.000000 	 
0.000000 	0.000000 	0.000000 	0.000000 	0.000000 	0.000000 	0.000000 	0.000000 	0.000000 	0.000000 	0.000000 	0.000000 	 
0.000000 	0.000000 	0.000000 	0.000000 	0.000000 	0.000000 	0.000000 	0.000000 	0.000000 	0.000000 	0.000000 	0.000000 	 
0.000000 	0.000000 	0.000000 	0.000000 	0.000000 	0.000000 	0.000000 	0.000000 	0.000000 	0.000000 	0.000000 	0.000000 	 
0.000000 	0.000000 	0.000000 	0.000000 	0.000000 	0.000000 	0.000000 	0.000000 	0.000000 	0.000000 	0.000000 	0.000000 	 
0.000000 	0.000000 	0.000000 	0.000000 	0.000000 	0.000000 	0.000000 	0.000000 	0.000000 	0.000000 	0.000000 	0.000000 	 
0.000000 	0.000000 	0.000000 	0.000000 	0.000000 	0.000000 	0.000000 	0.000000 	0.000000 	0.000000 	0.000000 	0.000000 	 
0.000000 	0.000000 	0.000000 	0.000000 	0.000000 	0.000000 	0.000000 	0.000000 	0.000000 	0.000000 	0.000000 	0.000000 	 
0.000000 	0.000000 	0.000000 	0.000000 	0.000000 	0.000000 	0.000000 	0.000000 	0.000000 	0.000000 	0.000000 	0.000000 	 
0.000000 	0.000000 	0.000000 	0.000000 	0.000000 	0.000000 	0.000000 	0.000000 	0.000000 	0.000000 	0.000000 	0.000000 	 
0.000000 	0.000000 	0.000000 	0.000000 	0.000000 	0.000000 	0.000000 	0.000000 	0.000000 	0.000000 	0.000000 	0.000000 	 
0.000000 	0.000000 	0.000000 	0.000000 	0.000000 	0.000000 	0.000000 	0.000000 	0.000000 	0.000000 	0.000000 	0.000000 	 
0.000000 	0.000000 	0.000000 	0.000000 	0.000000 	0.000000 	0.000000 	0.000000 	0.000000 	0.000000 	0.000000 	0.000000 	 
0.000000 	0.000000 	0.000000 	0.000000 	0.000000 	0.000000 	0.000000 	0.000000 	0.000000 	0.000000 	0.000000 	0.000000 	 
0.000000 	0.000000 	0.000000 	0.000000 	0.000000 	0.000000 	0.000000 	0.000000 	0.000000 	0.000000 	0.000000 	0.000000 	 
0.000000 	0.000000 	0.000000 	0.000000 	0.000000 	0.000000 	0.000000 	0.000000 	0.000000 	0.000000 	0.000000 	0.000000 	 
0.000000 	0.000000 	0.000000 	0.000000 	0.000000 	0.000000 	0.000000 	0.000000 	0.000000 	0.000000 	0.000000 	0.000000 	 
0.000000 	0.000000 	0.000000 	0.000000 	0.000000 	0.000000 	0.000000 	0.000000 	0.000000 	0.000000 	0.000000 	0.000000 	 
0.000000 	0.000000 	0.000000 	0.000000 	0.000000 	0.000000 	0.000000 	0.000000 	0.000000 	0.000000 	0.000000 	0.000000 	 
0.000000 	0.000000 	0.000000 	0.000000 	0.000000 	0.000000 	0.000000 	0.000000 	0.000000 	0.000000 	0.000000 	0.000000 	 
0.000000 	0.000000 	0.000000 	0.000000 	0.000000 	0.000000 	0.000000 	0.000000 	0.000000 	0.000000 	0.000000 	0.000000 	 
0.000000 	0.000000 	0.000000 	0.000000 	0.000000 	0.000000 	0.000000 	0.000000 	0.000000 	0.000000 	0.000000 	0.000000 	 
0.000000 	0.000000 	0.000000 	0.000000 	0.000000 	0.000000 	0.000000 	0.000000 	0.000000 	0.000000 	0.000000 	0.000000 	 
0.000000 	0.000000 	0.000000 	0.000000 	0.000000 	0.000000 	0.000000 	0.000000 	0.000000 	0.000000 	0.000000 	0.000000 	 
0.000000 	0.000000 	0.000000 	0.000000 	0.000000 	0.000000 	0.000000 	0.000000 	0.000000 	0.000000 	0.000000 	0.000000 	 
0.000000 	0.000000 	0.000000 	0.000000 	0.000000 	0.000000 	0.000000 	0.000000 	0.000000 	0.000000 	0.000000 	0.000000 	 
0.000000 	0.000000 	0.000000 	0.000000 	0.000000 	0.000000 	0.000000 	0.000000 	0.000000 	0.000000 	0.000000 	0.000000 	 
0.000000 	0.000000 	0.000000 	0.000000 	0.000000 	0.000000 	0.000000 	0.000000 	0.000000 	0.000000 	0.000000 	0.000000 	 
0.000000 	0.000000 	0.000000 	0.000000 	0.000000 	0.000000 	0.000000 	0.000000 	0.000000 	0.000000 	0.000000 	0.000000 	 
0.000000 	0.000000 	0.000000 	0.000000 	0.000000 	0.000000 	0.000000 	0.000000 	0.000000 	0.000000 	0.000000 	0.000000 	 
0.000000 	0.000000 	0.000000 	0.000000 	0.000000 	0.000000 	0.000000 	0.000000 	0.000000 	0.000000 	0.000000 	0.000000 	 
0.000000 	0.000000 	0.000000 	0.000000 	0.000000 	0.000000 	0.000000 	0.000000 	0.000000 	0.000000 	0.000000 	0.000000 	 
0.000000 	0.000000 	0.000000 	0.000000 	0.000000 	0.000000 	0.000000 	0.000000 	0.000000 	0.000000 	0.000000 	0.000000 	 
0.000000 	0.000000 	0.000000 	0.000000 	0.000000 	0.000000 	0.000000 	0.000000 	0.000000 	0.000000 	0.000000 	0.000000 	 
0.000000 	0.000000 	0.000000 	0.000000 	0.000000 	0.000000 	0.000000 	0.000000 	0.000000 	0.000000 	0.000000 	0.000000 	 
0.000000 	0.000000 	0.000000 	0.000000 	0.000000 	0.000000 	0.000000 	0.000000 	0.000000 	0.000000 	0.000000 	0.000000 	 
0.000000 	0.000000 	0.000000 	0.000000 	0.000000 	0.000000 	0.000000 	0.000000 	0.000000 	0.000000 	0.000000 	0.000000 	 
0.000000 	0.000000 	0.000000 	0.000000 	0.000000 	0.000000 	0.000000 	0.000000 	0.000000 	0.000000 	0.000000 	0.000000 	 
0.000000 	0.000000 	0.000000 	0.000000 	0.000000 	0.000000 	0.000000 	0.000000 	0.000000 	0.000000 	0.000000 	0.000000 	 
0.000000 	0.000000 	0.000000 	0.000000 	0.000000 	0.000000 	0.000000 	0.000000 	0.000000 	0.000000 	0.000000 	0.000000 	 
0.000000 	0.000000 	0.000000 	0.000000 	0.000000 	0.000000 	0.000000 	0.000000 	0.000000 	0.000000 	0.000000 	0.000000 	 
0.000000 	0.000000 	0.000000 	0.000000 	0.000000 	0.000000 	0.000000 	0.000000 	0.000000 	0.000000 	0.000000 	0.000000 	 
0.000000 	0.000000 	0.000000 	0.000000 	0.000000 	0.000000 	0.000000 	0.000000 	0.000000 	0.000000 	0.000000 	0.000000 	 
0.000000 	0.000000 	0.000000 	0.000000 	0.000000 	0.000000 	0.000000 	0.000000 	0.000000 	0.000000 	0.000000 	0.000000 	 
0.000000 	0.000000 	0.000000 	0.000000 	0.000000 	0.000000 	0.000000 	0.000000 	0.000000 	0.000000 	0.000000 	0.000000 	 
